1,2026,Ec,4443
1,2041,Ct,65
1,2051,Ct,2023
1,2061,Ct,3208
1,2066,Ct,5405
2,2022,Ec,180
2,2032,Ec,248
2,2042,Ec,433
2,2052,Ec,380
2,2062,Ec,326
3,2028,Ec,252
3,2040,Ec,343
3,2052,Ec,575
3,2064,Ec,520
4,2042,Pb,401
4,2052,Pb,4565
5,2042,Pb,118
5,2052,Pb,1363
6,2022,Ec,773
6,2032,Ec,917
6,2042,Ec,1204
6,2052,Ec,1114
6,2062,Ec,983
7,2024,Ec,3599
7,2039,Ct,71
7,2049,Ct,2088
7,2059,Ct,3243
7,2064,Ct,5538
8,2037,Pb,192
8,2047,Pb,1499
9,2049,Sb,176
9,2059,Sb,1052
9,2068,Sb,544
10,2029,Ec,3786
10,2039,Ec,3205
10,2049,Ec,2987
10,2059,Ec,2798
10,2069,Ec,2496
11,2048,Pb,412
12,2025,Ec,131
12,2035,Ec,286
12,2045,Ec,244
12,2055,Ec,259
12,2065,Ec,240
13,2028,Pb,92
13,2038,Pb,453
13,2048,Pb,3012
13,2063,Pb,93
14,2026,Ec,844
14,2037,Ec,1742
14,2048,Ec,1486
14,2059,Ec,1586
15,2026,Ec,190
15,2038,Ec,246
15,2050,Ec,223
15,2062,Ec,411
19,2028,Ec,636
19,2039,Ec,578
19,2050,Ec,500
19,2061,Ec,636
20,2027,Ec,488
20,2037,Ec,442
20,2047,Ec,400
20,2057,Ec,598
20,2067,Ec,549
21,2026,Ec,810
21,2036,Ec,1205
21,2046,Ec,1085
21,2056,Ec,1638
21,2066,Ec,1498
22,2026,Ec,454
22,2036,Ec,682
22,2046,Ec,614
22,2056,Ec,925
22,2066,Ec,846
23,2025,Ec,1552
23,2037,Ec,1566
23,2049,Ec,1433
23,2061,Ec,2231
24,2025,Ec,2001
24,2036,Ec,2045
24,2047,Ec,1885
24,2058,Ec,2863
24,2069,Ec,2679
25,2026,Ec,158
25,2036,Ec,232
25,2046,Ec,209
25,2056,Ec,317
25,2066,Ec,289
27,2027,Ec,1305
27,2037,Ec,1222
27,2047,Ec,1090
27,2057,Ec,1305
27,2067,Ec,1222
28,2030,Ec,1259
28,2041,Ec,1190
28,2052,Ec,1036
28,2063,Ec,1107
29,2029,Ec,1309
29,2039,Ec,1209
29,2049,Ec,1065
29,2059,Ec,1309
29,2069,Ec,1209
30,2024,Ec,913
30,2034,Ec,914
30,2044,Ec,843
30,2054,Ec,1294
30,2064,Ec,1209
31,2025,Ec,378
31,2035,Ec,655
31,2045,Ec,601
31,2055,Ec,1050
31,2065,Ec,969
32,2044,Pb,576
32,2054,Pb,4074
33,2037,Pb,369
33,2047,Pb,2883
34,2023,Ec,2929
34,2033,Ec,2751
34,2043,Ec,2425
34,2053,Ec,5364
34,2063,Ec,4986
35,2033,Pb,363
35,2043,Pb,3614
35,2068,Pb,353
37,2022,Ec,294
37,2032,Ec,460
37,2042,Ec,422
37,2052,Ec,587
37,2062,Ec,551
38,2025,Ec,419
38,2035,Ec,381
38,2045,Ec,328
38,2055,Ec,785
38,2065,Ec,706
39,2027,Ec,1118
39,2037,Ec,995
39,2047,Ec,891
39,2057,Ec,1426
39,2067,Ec,1280
40,2021,Ec,847
40,2031,Ec,1073
40,2041,Ec,973
40,2051,Ec,1359
40,2061,Ec,1264
41,2021,Ec,356
41,2033,Ec,1081
41,2045,Ec,937
41,2057,Ec,1025
41,2069,Ec,955
42,2028,Ec,248
42,2039,Ec,222
42,2050,Ec,203
42,2061,Ec,359
43,2034,Pb,46
43,2044,Pb,243
43,2054,Pb,1533
43,2069,Pb,48
45,2029,Ec,594
45,2041,Ec,529
45,2053,Ec,470
45,2065,Ec,758
46,2027,Ec,42
46,2037,Ec,38
46,2047,Ec,33
46,2057,Ec,42
46,2067,Ec,38
48,2027,Ec,1055
48,2037,Ec,926
48,2047,Ec,794
48,2057,Ec,1055
48,2067,Ec,926
49,2023,Ec,672
49,2033,Ec,668
49,2043,Ec,613
49,2053,Ec,965
49,2063,Ec,896
50,2029,Ec,1084
50,2041,Ec,998
50,2053,Ec,870
50,2065,Ec,1084
51,2024,Ec,652
51,2034,Ec,650
51,2044,Ec,599
51,2054,Ec,922
51,2064,Ec,861
52,2024,Ec,624
52,2034,Ec,627
52,2044,Ec,578
52,2054,Ec,887
52,2064,Ec,829
53,2022,Ec,170
53,2032,Ec,232
53,2042,Ec,212
53,2052,Ec,291
53,2062,Ec,272
54,2027,Ec,726
54,2037,Ec,668
54,2047,Ec,586
54,2057,Ec,726
54,2067,Ec,668
55,2026,Ec,495
55,2036,Ec,994
55,2046,Ec,904
55,2056,Ec,845
55,2066,Ec,751
56,2024,Ec,214
56,2034,Ec,215
56,2044,Ec,198
56,2054,Ec,304
56,2064,Ec,284
57,2025,Pb,85
57,2035,Pb,249
57,2045,Pb,2115
57,2060,Pb,52
58,2044,Pb,197
58,2054,Pb,1329
59,2039,Pb,59
59,2049,Pb,688
60,2025,Ec,314
60,2035,Ec,530
60,2045,Ec,485
60,2055,Ec,859
60,2065,Ec,790
61,2025,Pb,1400
61,2050,Pb,616
61,2060,Pb,4259
62,2044,Pb,60
62,2054,Pb,441
63,2054,Pb,2515
64,2024,Ec,902
64,2034,Ec,1225
64,2044,Ec,1115
64,2054,Ec,2060
64,2064,Ec,1880
66,2024,Ec,330
66,2034,Ec,443
66,2044,Ec,571
66,2054,Ec,525
66,2064,Ec,461
67,2024,Ec,5073
67,2034,Ec,5212
67,2044,Ec,4813
67,2054,Ec,7326
67,2064,Ec,6856
68,2028,Ec,1126
68,2039,Ec,1040
68,2050,Ec,911
68,2061,Ec,1126
69,2034,Pb,211
69,2044,Pb,1061
69,2054,Pb,6723
69,2069,Pb,206
70,2049,Pb,337
71,2049,Pb,406
72,2021,Ec,310
72,2031,Ec,154
72,2041,Ec,136
72,2051,Ec,348
72,2061,Ec,308
73,2048,Pb,303
74,2028,Ec,1975
74,2039,Ec,1866
74,2050,Ec,1621
74,2061,Ec,1734
77,2044,Pb,71
77,2054,Pb,501
78,2034,Pb,16
78,2044,Pb,85
78,2054,Pb,521
78,2069,Pb,16
79,2022,Ec,392
79,2032,Ec,546
79,2042,Ec,499
79,2052,Ec,681
79,2062,Ec,638
80,2034,Pb,55
80,2044,Pb,304
80,2054,Pb,1886
80,2069,Pb,57
81,2044,Pb,21
81,2054,Pb,150
83,2022,Ec,1384
83,2032,Ec,1948
83,2042,Ec,1780
83,2052,Ec,2424
83,2062,Ec,2272
84,2024,Ec,657
84,2034,Ec,618
84,2044,Ec,546
84,2054,Ec,1217
84,2064,Ec,1133
85,2023,Ec,706
85,2033,Ec,664
85,2043,Ec,586
85,2053,Ec,1292
85,2063,Ec,1203
86,2034,Ct,8
86,2044,Ct,265
86,2054,Ct,421
86,2059,Ct,710
87,2034,Ct,8
87,2044,Ct,254
87,2054,Ct,403
87,2059,Ct,679
88,2025,Ec,943
88,2035,Ec,1569
88,2045,Ec,1433
88,2055,Ec,2555
88,2065,Ec,2348
89,2026,Ec,280
89,2038,Ec,370
89,2050,Ec,328
89,2062,Ec,530
90,2054,Ct,330
90,2059,Ct,744
91,2025,Ec,195
91,2036,Ec,266
91,2047,Ec,445
91,2058,Ec,408
91,2069,Ec,355
92,2024,Ec,130
92,2034,Ec,173
92,2044,Ec,157
92,2054,Ec,293
92,2064,Ec,267
93,2034,Pb,44
93,2044,Pb,231
93,2054,Pb,1454
93,2069,Pb,43
94,2024,Ec,909
94,2034,Ec,853
94,2044,Ec,751
94,2054,Ec,1684
94,2064,Ec,1564
95,2021,Ec,1191
95,2031,Ec,1086
95,2041,Ec,986
95,2051,Ec,1626
95,2061,Ec,1485
96,2027,Ec,759
96,2037,Ec,687
96,2047,Ec,621
96,2057,Ec,932
96,2067,Ec,854
97,2028,Ec,985
97,2039,Ec,891
97,2050,Ec,803
97,2061,Ec,1204
98,2028,Ec,1258
98,2039,Ec,1140
98,2050,Ec,1027
98,2061,Ec,1539
99,2027,Ec,866
99,2037,Ec,783
99,2047,Ec,707
99,2057,Ec,1062
99,2067,Ec,973
100,2028,Ec,1357
100,2039,Ec,1282
100,2050,Ec,1114
100,2061,Ec,1192
101,2044,Pb,278
101,2054,Pb,1943
102,2039,Pb,205
102,2049,Pb,1391
103,2044,Pb,273
103,2054,Pb,1806
104,2034,Pb,47
104,2044,Pb,264
104,2059,Pb,2030
105,2023,Ec,681
105,2035,Ec,695
105,2047,Ec,630
105,2059,Ec,1022
106,2027,Ec,768
106,2037,Ec,695
106,2047,Ec,628
106,2057,Ec,940
106,2067,Ec,863
107,2027,Ec,600
107,2037,Ec,543
107,2047,Ec,491
107,2057,Ec,737
107,2067,Ec,675
108,2028,Ec,508
108,2039,Ec,461
108,2050,Ec,415
108,2061,Ec,621
109,2042,Pb,80
109,2052,Pb,922
110,2028,Ec,1793
110,2039,Ec,1624
110,2050,Ec,1463
110,2061,Ec,2193
111,2054,Pb,128
112,2034,Ct,15
112,2044,Ct,458
112,2054,Ct,712
112,2059,Ct,1216
113,2029,Ec,1624
113,2039,Ec,1535
113,2049,Ec,1335
113,2059,Ec,1421
113,2069,Ec,1330
114,2022,Ec,268
114,2032,Ec,369
114,2042,Ec,337
114,2052,Ec,461
114,2062,Ec,432
115,2023,Ec,479
115,2033,Ec,449
115,2043,Ec,396
115,2053,Ec,878
115,2063,Ec,815
116,2021,Ec,48
116,2032,Ec,92
116,2043,Ec,84
116,2054,Ec,130
116,2065,Ec,120
117,2026,Ec,620
117,2036,Ec,1159
117,2046,Ec,1005
117,2056,Ec,1065
117,2066,Ec,995
118,2027,Ec,6355
118,2037,Ec,4941
118,2047,Ec,4627
118,2057,Ec,4129
118,2067,Ec,4941
119,2021,Ec,249
119,2031,Ec,373
119,2041,Ec,339
119,2051,Ec,534
119,2061,Ec,491
120,2022,Ec,595
120,2032,Ec,593
120,2042,Ec,541
120,2052,Ec,872
120,2062,Ec,803
121,2025,Ec,171
121,2035,Ec,280
121,2045,Ec,250
121,2055,Ec,393
121,2065,Ec,352
122,2027,Ec,1134
122,2037,Ec,1053
122,2047,Ec,932
122,2057,Ec,1134
122,2067,Ec,1053
124,2035,Pb,72
124,2045,Pb,675
125,2021,Pb,12
125,2031,Pb,816
125,2056,Pb,154
125,2066,Pb,1082
126,2021,Ec,641
126,2031,Ec,970
126,2041,Ec,882
126,2051,Ec,1387
126,2061,Ec,1275
127,2044,Pb,199
127,2054,Pb,1447
128,2021,Ec,311
128,2033,Ec,621
128,2045,Ec,562
128,2057,Ec,874
128,2069,Ec,805
129,2027,Ec,2521
129,2037,Ec,2381
129,2047,Ec,2068
129,2057,Ec,2203
129,2067,Ec,2060
130,2037,Pb,90
130,2047,Pb,704
131,2037,Pb,345
131,2047,Pb,2973
132,2039,Pb,202
132,2049,Pb,1402
133,2039,Pb,20
133,2049,Pb,143
134,2039,Pb,153
134,2049,Pb,1745
135,2049,Ct,222
135,2059,Ct,338
135,2064,Ct,521
136,2026,Ec,648
136,2036,Ec,972
136,2046,Ec,876
136,2056,Ec,1319
136,2066,Ec,1207
138,2024,Ec,1837
138,2034,Ec,1897
138,2044,Ec,1752
138,2054,Ec,2663
138,2064,Ec,2495
140,2024,Ec,1263
140,2039,Ct,27
140,2049,Ct,798
140,2059,Ct,1240
140,2069,Ct,2415
141,2021,Ec,142
141,2031,Ec,130
141,2041,Ec,112
141,2051,Ec,507
141,2061,Ec,456
142,2048,Pb,389
143,2021,Ec,477
143,2031,Ec,576
143,2041,Ec,521
143,2051,Ec,845
143,2061,Ec,768
144,2027,Ec,351
144,2037,Ec,323
144,2047,Ec,283
144,2057,Ec,351
144,2067,Ec,323
145,2024,Ec,178
145,2034,Ec,177
145,2044,Ec,163
145,2054,Ec,251
145,2064,Ec,234
146,2024,Ec,1198
146,2034,Ec,1203
146,2044,Ec,1109
146,2054,Ec,1702
146,2064,Ec,1590
147,2025,Ec,579
147,2035,Ec,972
147,2045,Ec,889
147,2055,Ec,1578
147,2065,Ec,1451
149,2021,Ec,33
149,2031,Ec,33
149,2041,Ec,30
149,2051,Ec,50
149,2061,Ec,46
150,2025,Ec,536
150,2035,Ec,486
150,2045,Ec,419
150,2055,Ec,1005
150,2065,Ec,901
153,2054,Ct,558
153,2059,Ct,1259
154,2024,Ec,208
154,2034,Ec,275
154,2044,Ec,249
154,2054,Ec,467
154,2064,Ec,425
155,2029,Ec,1309
155,2041,Ec,1175
155,2053,Ec,1075
155,2065,Ec,1868
156,2021,Ec,53
156,2031,Ec,48
156,2041,Ec,41
156,2051,Ec,189
156,2061,Ec,170
157,2044,Pb,285
157,2054,Pb,2049
158,2024,Ec,478
158,2034,Ec,664
158,2044,Ec,594
158,2054,Ec,959
158,2064,Ec,857
159,2023,Ec,329
159,2033,Ec,292
159,2043,Ec,249
159,2053,Ec,621
159,2063,Ec,544
160,2023,Ec,1130
160,2033,Ec,1142
160,2043,Ec,1048
160,2053,Ec,1642
160,2063,Ec,1526
161,2044,Pb,31
161,2054,Pb,231
162,2039,Pb,249
162,2049,Pb,1624
163,2032,Pb,8
163,2067,Pb,100
164,2024,Ec,716
164,2034,Ec,674
164,2044,Ec,595
164,2054,Ec,1327
164,2064,Ec,1236
165,2022,Ec,426
165,2032,Ec,654
165,2042,Ec,599
165,2052,Ec,837
165,2062,Ec,785
166,2023,Ec,314
166,2033,Ec,421
166,2043,Ec,376
166,2053,Ec,554
166,2063,Ec,503
167,2022,Ec,752
167,2032,Ec,1160
167,2042,Ec,1063
167,2052,Ec,1483
167,2062,Ec,1391
168,2024,Ec,721
168,2036,Ec,710
168,2048,Ec,645
168,2060,Ec,1036
169,2025,Ec,211
169,2035,Ec,356
169,2045,Ec,325
169,2055,Ec,577
169,2065,Ec,531
170,2021,Ec,493
170,2031,Ec,493
170,2041,Ec,448
170,2051,Ec,736
170,2061,Ec,674
171,2024,Ec,218
171,2034,Ec,218
171,2044,Ec,201
171,2054,Ec,309
171,2064,Ec,289
172,2044,Pb,369
172,2054,Pb,2666
173,2049,Ct,402
173,2059,Ct,1452
174,2020,Ec,169
174,2030,Ec,154
174,2040,Ec,133
174,2050,Ec,600
174,2060,Ec,542
176,2021,Ec,238
176,2031,Ec,219
176,2041,Ec,199
176,2051,Ec,327
176,2061,Ec,299
177,2023,Ec,1031
177,2033,Ec,1052
177,2043,Ec,965
177,2053,Ec,1509
177,2063,Ec,1404
178,2021,Ec,1831
178,2033,Ec,1892
178,2045,Ec,1698
178,2057,Ec,2894
178,2069,Ec,2630
179,2026,Ec,222
179,2036,Ec,201
179,2046,Ec,173
179,2056,Ec,422
179,2066,Ec,378
180,2024,Ec,171
180,2034,Ec,234
180,2044,Ec,213
180,2054,Ec,393
180,2064,Ec,359
181,2027,Ec,911
181,2037,Ec,812
181,2047,Ec,727
181,2057,Ec,1161
181,2067,Ec,1044
182,2021,Ec,453
182,2033,Ec,914
182,2045,Ec,828
182,2057,Ec,1283
182,2069,Ec,1183
183,2024,Ec,497
183,2034,Ec,468
183,2044,Ec,413
183,2054,Ec,921
183,2064,Ec,858
184,2021,Ec,1432
184,2031,Ec,2295
184,2041,Ec,2097
184,2051,Ec,2955
184,2061,Ec,2762
185,2021,Ec,210
185,2031,Ec,193
185,2041,Ec,167
185,2051,Ec,751
185,2061,Ec,679
186,2028,Ec,2166
186,2039,Ec,2043
186,2050,Ec,1771
186,2061,Ec,1897
187,2022,Ec,672
187,2032,Ec,1028
187,2042,Ec,942
187,2052,Ec,1317
187,2062,Ec,1234
188,2025,Ec,34
188,2035,Ec,58
188,2045,Ec,53
188,2055,Ec,94
188,2065,Ec,87
189,2024,Ec,523
189,2034,Ec,491
189,2044,Ec,432
189,2054,Ec,970
189,2064,Ec,900
190,2034,Pb,21
190,2044,Pb,114
190,2054,Pb,720
190,2069,Pb,22
191,2021,Pb,103
191,2031,Pb,781
191,2046,Pb,40
191,2056,Pb,212
191,2066,Pb,1291
192,2044,Pb,91
192,2054,Pb,628
193,2025,Ec,201
193,2036,Ec,343
193,2047,Ec,311
193,2058,Ec,575
193,2069,Ec,524
194,2039,Pb,413
194,2049,Pb,2761
195,2024,Ec,25
195,2034,Ec,24
195,2044,Ec,21
195,2054,Ec,1717
195,2064,Ec,1592
196,2023,Ec,127
196,2034,Ec,183
196,2045,Ec,164
196,2056,Ec,374
196,2067,Ec,339
198,2054,Pb,275
199,2020,Ec,65
199,2032,Ec,41
199,2044,Ec,35
199,2056,Ec,311
199,2068,Ec,281
200,2025,Ec,56
200,2035,Ec,122
200,2045,Ec,113
200,2055,Ec,100
200,2065,Ec,122
201,2035,Pb,462
201,2060,Pb,143
202,2038,Pb,175
202,2048,Pb,1240
203,2037,Pb,687
203,2047,Pb,5366
204,2050,Pb,681
206,2026,Pb,51
206,2036,Pb,144
206,2046,Pb,1211
206,2061,Pb,25
207,2023,Ec,68
207,2033,Ec,92
207,2043,Ec,83
207,2053,Ec,162
207,2063,Ec,145
208,2048,Pb,717
209,2049,Pb,276
210,2050,Pb,448
211,2023,Ec,286
211,2033,Ec,392
211,2043,Ec,354
211,2053,Ec,686
211,2063,Ec,616
212,2020,Ec,106
212,2030,Ec,96
212,2040,Ec,82
212,2050,Ec,374
212,2060,Ec,337
213,2022,Ec,253
213,2032,Ec,396
213,2042,Ec,364
213,2052,Ec,505
213,2062,Ec,474
214,2022,Ec,481
214,2032,Ec,727
214,2042,Ec,666
214,2052,Ec,934
214,2062,Ec,874
215,2025,Ec,341
215,2035,Ec,469
215,2045,Ec,805
215,2055,Ec,720
215,2065,Ec,622
217,2023,Ec,279
217,2033,Ec,400
217,2043,Ec,361
217,2053,Ec,689
217,2063,Ec,622
218,2027,Ec,928
218,2037,Ec,824
218,2047,Ec,738
218,2057,Ec,1186
218,2067,Ec,1063
219,2048,Pb,611
220,2048,Pb,431
221,2022,Ec,232
221,2032,Ec,329
221,2042,Ec,294
221,2052,Ec,593
221,2062,Ec,525
222,2023,Ec,233
222,2033,Ec,319
222,2043,Ec,288
222,2053,Ec,559
222,2063,Ec,502
223,2025,Ec,255
223,2035,Ec,546
223,2045,Ec,466
223,2055,Ec,495
223,2065,Ec,458
225,2025,Pb,204
225,2035,Pb,596
225,2045,Pb,5063
226,2021,Ec,553
226,2031,Ec,496
226,2041,Ec,449
226,2051,Ec,745
226,2061,Ec,680
227,2021,Ec,543
227,2031,Ec,554
227,2041,Ec,504
227,2051,Ec,824
227,2061,Ec,755
229,2021,Ec,414
229,2031,Ec,365
229,2041,Ec,331
229,2051,Ec,552
229,2061,Ec,503
230,2024,Ec,114
230,2034,Ec,107
230,2044,Ec,95
230,2054,Ec,212
230,2064,Ec,197
231,2022,Ec,715
231,2034,Ec,1095
231,2046,Ec,992
231,2058,Ec,1420
233,2052,Pb,145
235,2022,Ec,937
235,2032,Ec,1434
235,2042,Ec,1315
235,2052,Ec,1838
235,2062,Ec,1722
236,2024,Ec,710
236,2034,Ec,718
236,2044,Ec,662
236,2054,Ec,1014
236,2064,Ec,948
237,2026,Ec,346
237,2038,Ec,461
237,2050,Ec,409
237,2062,Ec,660
238,2024,Ec,332
238,2034,Ec,457
238,2044,Ec,408
238,2054,Ec,661
238,2064,Ec,590
239,2050,Pb,64
240,2024,Ec,472
240,2034,Ec,443
240,2044,Ec,391
240,2054,Ec,876
240,2064,Ec,813
242,2022,Ec,1028
242,2032,Ec,1551
242,2042,Ec,1421
242,2052,Ec,1994
242,2062,Ec,1866
243,2022,Ec,375
243,2032,Ec,374
243,2042,Ec,341
243,2052,Ec,550
243,2062,Ec,507
244,2023,Ec,142
244,2034,Ec,197
244,2045,Ec,175
244,2056,Ec,353
244,2067,Ec,315
246,2025,Ec,595
246,2036,Ec,792
246,2047,Ec,719
246,2058,Ec,1325
246,2069,Ec,1212
247,2022,Ec,146
247,2032,Ec,151
247,2042,Ec,138
247,2052,Ec,220
247,2062,Ec,203
248,2021,Ec,116
248,2032,Ec,107
248,2043,Ec,92
248,2054,Ec,410
248,2065,Ec,372
249,2024,Ec,126
249,2034,Ec,174
249,2044,Ec,158
249,2054,Ec,291
249,2064,Ec,266
250,2023,Ec,174
250,2033,Ec,241
250,2043,Ec,218
250,2053,Ec,421
250,2063,Ec,379
251,2026,Ec,456
251,2038,Ec,432
251,2050,Ec,382
251,2062,Ec,760
252,2022,Ec,120
252,2032,Ec,122
252,2042,Ec,111
252,2052,Ec,178
252,2062,Ec,165
253,2023,Ec,1070
253,2035,Ec,1089
253,2047,Ec,986
253,2059,Ec,1602
254,2021,Ec,626
254,2031,Ec,877
254,2041,Ec,798
254,2051,Ec,1143
254,2061,Ec,1064
255,2031,Ec,2819
255,2043,Ec,2602
255,2055,Ec,2274
255,2067,Ec,2819
256,2026,Ec,1064
256,2037,Ec,2395
256,2048,Ec,2160
256,2059,Ec,2002
257,2026,Ec,995
257,2036,Ec,1661
257,2046,Ec,2587
257,2056,Ec,2410
257,2066,Ec,2136
258,2028,Ec,1746
258,2039,Ec,1650
258,2050,Ec,1435
258,2061,Ec,1534
259,2044,Pb,229
259,2054,Pb,1693
260,2024,Ec,573
260,2034,Ec,776
260,2044,Ec,705
260,2054,Ec,1307
260,2064,Ec,1191
264,2021,Ec,182
264,2031,Ec,251
264,2041,Ec,228
264,2051,Ec,317
264,2061,Ec,295
265,2027,Ec,1558
265,2037,Ec,1460
265,2047,Ec,1304
265,2057,Ec,1558
265,2067,Ec,1460
266,2024,Ec,216
266,2047,Qr,0
266,2051,Qr,0
266,2064,Qr,67
267,2023,Ec,525
267,2033,Ec,494
267,2043,Ec,436
267,2053,Ec,962
267,2063,Ec,895
268,2024,Ec,769
268,2034,Ec,724
268,2044,Ec,640
268,2054,Ec,1426
268,2064,Ec,1328
269,2022,Ec,1409
269,2032,Ec,2199
269,2042,Ec,2018
269,2052,Ec,2808
269,2062,Ec,2634
270,2044,Pb,192
270,2059,Pb,1778
271,2034,Ct,25
271,2044,Ct,782
271,2054,Ct,1241
271,2059,Ct,2091
272,2022,Ec,240
272,2032,Ec,374
272,2042,Ec,343
272,2052,Ec,478
272,2062,Ec,448
273,2027,Ec,271
273,2037,Ec,240
273,2047,Ec,215
273,2057,Ec,346
273,2067,Ec,310
274,2039,Pb,181
274,2049,Pb,1249
275,2026,Ec,1065
275,2038,Ec,1393
275,2050,Ec,1264
275,2062,Ec,2318
276,2021,Ec,62
276,2031,Ec,57
276,2041,Ec,49
276,2051,Ec,221
276,2061,Ec,200
277,2024,Pb,25
277,2034,Pb,190
277,2044,Pb,1689
277,2059,Pb,44
277,2069,Pb,236
278,2021,Ec,188
278,2032,Ec,562
278,2043,Ec,491
278,2054,Ec,534
278,2065,Ec,500
279,2044,Pb,264
279,2054,Pb,1959
280,2021,Ec,622
280,2031,Ec,647
280,2041,Ec,590
280,2051,Ec,958
280,2061,Ec,879
281,2024,Ec,218
281,2034,Ec,1087
281,2044,Ec,990
281,2054,Ec,1406
281,2064,Ec,1310
282,2021,Ec,1897
282,2031,Ec,2621
282,2041,Ec,2384
282,2051,Ec,3425
282,2061,Ec,3183
284,2025,Ec,332
284,2035,Ec,558
284,2045,Ec,510
284,2055,Ec,905
284,2065,Ec,833
285,2025,Ec,173
285,2036,Ec,226
285,2047,Ec,205
285,2058,Ec,381
285,2069,Ec,348
286,2024,Ec,164
286,2036,Ec,227
286,2048,Ec,203
286,2060,Ec,403
287,2026,Ec,514
287,2038,Ec,663
287,2050,Ec,601
287,2062,Ec,1109
288,2025,Ec,319
288,2035,Ec,538
288,2045,Ec,492
288,2055,Ec,872
288,2065,Ec,803
289,2023,Ec,786
289,2033,Ec,738
289,2043,Ec,650
289,2053,Ec,1441
289,2063,Ec,1338
290,2021,Ec,222
290,2031,Ec,225
290,2041,Ec,205
290,2051,Ec,335
290,2061,Ec,307
291,2023,Ec,640
291,2033,Ec,651
291,2043,Ec,597
291,2053,Ec,934
291,2063,Ec,869
292,2044,Pb,241
292,2054,Pb,1650
293,2044,Pb,373
293,2054,Pb,2722
294,2024,Ec,534
294,2034,Ec,502
294,2044,Ec,442
294,2054,Ec,990
294,2064,Ec,920
295,2022,Ec,492
295,2032,Ec,763
295,2042,Ec,700
295,2052,Ec,975
295,2062,Ec,915
296,2024,Ec,1471
296,2034,Ec,1378
296,2044,Ec,1215
296,2054,Ec,2725
296,2064,Ec,2527
297,2027,Ec,1670
297,2037,Ec,1511
297,2047,Ec,1364
297,2057,Ec,2048
297,2067,Ec,1877
298,2027,Ec,711
298,2037,Ec,639
298,2047,Ec,586
298,2057,Ec,1030
298,2067,Ec,951
299,2027,Ec,1007
299,2037,Ec,931
299,2047,Ec,818
299,2057,Ec,1007
299,2067,Ec,931
300,2027,Ec,527
300,2037,Ec,467
300,2047,Ec,418
300,2057,Ec,677
300,2067,Ec,605
302,2027,Ec,974
302,2037,Ec,875
302,2047,Ec,802
302,2057,Ec,1411
302,2067,Ec,1302
303,2027,Ec,637
303,2037,Ec,572
303,2047,Ec,525
303,2057,Ec,923
303,2067,Ec,852
304,2026,Ec,819
304,2038,Ec,771
304,2050,Ec,675
304,2062,Ec,1515
305,2027,Ec,530
305,2042,Ct,32
305,2052,Ct,930
305,2062,Ct,1445
305,2067,Ct,2467
306,2054,Pb,637
307,2034,Ct,38
307,2044,Ct,1127
307,2054,Ct,1751
307,2059,Ct,2990
308,2034,Ct,21
308,2044,Ct,622
308,2054,Ct,967
308,2059,Ct,1651
310,2034,Pb,15
310,2044,Pb,79
310,2054,Pb,489
310,2069,Pb,15
312,2026,Ec,1248
312,2036,Ec,1180
312,2046,Ec,1049
312,2056,Ec,2136
312,2066,Ec,1999
313,2034,Ct,22
313,2044,Ct,643
313,2054,Ct,999
313,2059,Ct,1706
314,2026,Ec,242
314,2036,Ec,225
314,2046,Ec,195
314,2056,Ec,634
314,2066,Ec,581
315,2026,Ec,509
315,2036,Ec,478
315,2046,Ec,421
315,2056,Ec,967
315,2066,Ec,898
316,2034,Pb,177
316,2044,Pb,887
316,2054,Pb,5607
316,2069,Pb,175
317,2044,Pb,191
317,2054,Pb,1399
318,2023,Ec,633
318,2033,Ec,597
318,2043,Ec,531
318,2053,Ec,1044
318,2063,Ec,977
319,2025,Ec,439
319,2035,Ec,937
319,2045,Ec,798
319,2055,Ec,850
319,2065,Ec,785
320,2025,Ec,234
320,2035,Ec,390
320,2045,Ec,357
320,2055,Ec,635
320,2065,Ec,584
321,2024,Ec,240
321,2034,Ec,512
321,2044,Ec,465
321,2054,Ec,754
321,2064,Ec,690
322,2024,Ec,89
322,2054,Sb,11
322,2064,Sb,66
323,2026,Ec,297
323,2037,Ec,573
323,2048,Ec,514
323,2059,Ec,1019
324,2021,Ec,299
324,2031,Ec,264
324,2041,Ec,225
324,2051,Ec,550
324,2061,Ec,480
325,2026,Ec,227
325,2037,Ec,368
325,2048,Ec,336
325,2059,Ec,596
326,2021,Ec,431
326,2031,Ec,668
326,2041,Ec,609
326,2051,Ec,865
326,2061,Ec,807
327,2024,Ec,152
327,2034,Ec,207
327,2044,Ec,185
327,2054,Ec,301
327,2064,Ec,268
328,2024,Ec,54
328,2034,Ec,73
328,2044,Ec,65
328,2054,Ec,106
328,2064,Ec,95
330,2021,Ec,632
330,2031,Ec,661
330,2041,Ec,613
330,2051,Ec,972
330,2061,Ec,911
331,2021,Ec,75
331,2031,Ec,66
331,2041,Ec,56
331,2051,Ec,139
331,2061,Ec,121
332,2024,Ec,321
332,2054,Sb,25
332,2064,Sb,151
333,2021,Ec,445
333,2031,Ec,446
333,2041,Ec,405
333,2051,Ec,666
333,2061,Ec,609
334,2025,Ec,44
334,2035,Ec,70
334,2045,Ec,62
334,2055,Ec,99
334,2065,Ec,88
335,2024,Ec,1425
335,2034,Ec,1447
335,2044,Ec,2047
335,2054,Ec,1913
335,2064,Ec,1702
336,2044,Pb,74
336,2054,Pb,557
337,2026,Ec,91
337,2038,Ec,117
337,2050,Ec,105
337,2062,Ec,196
338,2024,Ec,33
338,2034,Ec,44
338,2044,Ec,39
338,2054,Ec,74
338,2064,Ec,68
339,2024,Ec,1104
339,2034,Ec,1044
339,2044,Ec,929
339,2054,Ec,1844
339,2064,Ec,1726
340,2020,Ec,10
340,2032,Ec,5
340,2044,Ec,4
340,2056,Ec,18
340,2068,Ec,16
341,2021,Ec,1124
341,2031,Ec,1786
341,2041,Ec,1633
341,2051,Ec,2303
341,2061,Ec,2152
342,2021,Ec,940
342,2031,Ec,953
342,2041,Ec,1420
342,2051,Ec,1301
342,2061,Ec,1138
343,2024,Ec,19
343,2034,Ec,25
343,2044,Ec,22
343,2054,Ec,42
343,2064,Ec,38
344,2025,Ec,1177
344,2036,Ec,1547
344,2047,Ec,1404
344,2058,Ec,2599
344,2069,Ec,2377
345,2059,Pb,3768
346,2025,Ec,694
346,2035,Ec,1158
346,2045,Ec,1036
346,2055,Ec,1613
346,2065,Ec,1450
348,2022,Ec,301
348,2032,Ec,452
348,2042,Ec,406
348,2052,Ec,801
348,2062,Ec,715
350,2025,Ec,354
350,2035,Ec,597
350,2045,Ec,545
350,2055,Ec,967
350,2065,Ec,890
351,2023,Ec,311
351,2033,Ec,423
351,2043,Ec,378
351,2053,Ec,555
351,2063,Ec,504
352,2054,Pb,374
354,2023,Ec,234
354,2034,Ec,237
354,2045,Ec,216
354,2056,Ec,345
354,2067,Ec,319
355,2021,Ec,634
355,2031,Ec,785
355,2041,Ec,1019
355,2051,Ec,950
355,2061,Ec,843
356,2022,Ec,193
356,2032,Ec,268
356,2042,Ec,240
356,2052,Ec,487
356,2062,Ec,430
357,2054,Pb,1224
358,2021,Ec,760
358,2031,Ec,1052
358,2041,Ec,955
358,2051,Ec,1327
358,2061,Ec,1236
359,2034,Pb,9
359,2044,Pb,50
359,2054,Pb,311
359,2069,Pb,9
360,2054,Pb,617
361,2034,Pb,41
361,2044,Pb,226
361,2054,Pb,1352
361,2069,Pb,41
363,2022,Ec,820
363,2034,Ec,861
363,2046,Ec,777
363,2058,Ec,1277
364,2021,Ec,620
364,2031,Ec,644
364,2041,Ec,586
364,2051,Ec,953
364,2061,Ec,875
366,2021,Ec,247
366,2031,Ec,261
366,2041,Ec,238
366,2051,Ec,385
366,2061,Ec,354
368,2021,Ec,509
368,2031,Ec,529
368,2041,Ec,482
368,2051,Ec,783
368,2061,Ec,719
369,2023,Ec,990
369,2035,Ec,1010
369,2047,Ec,915
369,2059,Ec,1485
370,2021,Ec,924
370,2031,Ec,830
370,2041,Ec,753
370,2051,Ec,1248
370,2061,Ec,1139
371,2029,Ec,1579
371,2039,Ec,1453
371,2049,Ec,1276
371,2059,Ec,1579
371,2069,Ec,1453
372,2030,Ec,832
372,2041,Ec,756
372,2052,Ec,653
372,2063,Ec,832
373,2026,Ec,372
373,2037,Ec,340
373,2048,Ec,291
373,2059,Ec,698
374,2044,Pb,119
374,2059,Pb,1086
375,2021,Ec,465
375,2032,Ec,924
375,2043,Ec,841
375,2054,Ec,1291
375,2065,Ec,1196
376,2021,Ec,313
376,2031,Ec,279
376,2041,Ec,239
376,2051,Ec,576
376,2061,Ec,508
377,2025,Ec,1290
377,2035,Ec,2853
377,2045,Ec,2443
377,2055,Ec,2591
377,2065,Ec,2404
378,2021,Ec,355
378,2031,Ec,369
378,2041,Ec,335
378,2051,Ec,545
378,2061,Ec,501
379,2034,Pb,55
379,2044,Pb,284
379,2054,Pb,1876
379,2069,Pb,56
380,2025,Ec,206
380,2035,Ec,355
380,2045,Ec,324
380,2055,Ec,570
380,2065,Ec,526
381,2023,Ec,28
381,2035,Ec,26
381,2047,Ec,23
381,2059,Ec,102
383,2054,Pb,736
384,2054,Pb,549
385,2044,Pb,171
385,2054,Pb,1174
386,2022,Ec,215
386,2034,Ec,332
386,2046,Ec,301
386,2058,Ec,430
387,2022,Ec,1112
387,2032,Ec,1141
387,2042,Ec,1044
387,2052,Ec,1665
387,2062,Ec,1539
388,2029,Ec,2186
388,2039,Ec,2047
388,2049,Ec,1825
388,2059,Ec,2186
388,2069,Ec,2047
389,2021,Ec,507
389,2031,Ec,709
389,2041,Ec,644
389,2051,Ec,893
389,2061,Ec,832
390,2024,Ec,384
390,2034,Ec,364
390,2044,Ec,323
390,2054,Ec,642
390,2064,Ec,602
391,2026,Ec,729
391,2038,Ec,957
391,2050,Ec,869
391,2062,Ec,1591
393,2021,Ec,283
393,2031,Ec,260
393,2041,Ec,225
393,2051,Ec,1013
393,2061,Ec,914
394,2024,Ec,606
394,2034,Ec,794
394,2044,Ec,720
394,2054,Ec,1352
394,2064,Ec,1228
395,2030,Ec,277
395,2041,Ec,252
395,2052,Ec,218
395,2063,Ec,277
396,2024,Ec,96
396,2036,Ec,134
396,2048,Ec,120
396,2060,Ec,237
397,2024,Ec,108
397,2034,Ec,145
397,2044,Ec,132
397,2054,Ec,245
397,2064,Ec,224
398,2020,Ec,269
398,2030,Ec,244
398,2040,Ec,210
398,2050,Ec,950
398,2060,Ec,858
399,2021,Ec,579
399,2033,Ec,1697
399,2045,Ec,1468
399,2057,Ec,1608
399,2069,Ec,1497
400,2059,Ct,588
401,2024,Ec,727
401,2034,Ec,682
401,2044,Ec,601
401,2054,Ec,1348
401,2064,Ec,1250
402,2024,Ec,653
402,2034,Ec,613
402,2044,Ec,540
402,2054,Ec,1211
402,2064,Ec,1124
403,2026,Ec,207
403,2036,Ec,313
403,2046,Ec,282
403,2056,Ec,424
403,2066,Ec,388
404,2027,Ec,1644
404,2037,Ec,1466
404,2047,Ec,1314
404,2057,Ec,2093
404,2067,Ec,1883
405,2023,Ec,169
405,2033,Ec,229
405,2043,Ec,207
405,2053,Ec,403
405,2063,Ec,361
406,2049,Pb,636
407,2037,Pb,390
407,2047,Pb,3050
408,2024,Ec,1684
408,2034,Ec,1584
408,2044,Ec,1398
408,2054,Ec,3120
408,2064,Ec,2904
409,2025,Ec,917
409,2035,Ec,1499
409,2045,Ec,1340
409,2055,Ec,2099
409,2065,Ec,1883
410,2022,Ec,1061
410,2034,Ec,1120
410,2046,Ec,1012
410,2058,Ec,1660
411,2029,Ec,788
411,2039,Ec,692
411,2049,Ec,594
411,2059,Ec,788
411,2069,Ec,692
412,2024,Ec,26
412,2034,Ec,33
412,2044,Ec,30
412,2054,Ec,57
412,2064,Ec,52
413,2023,Ec,883
413,2068,Ct,2907
414,2024,Ec,427
414,2034,Ec,402
414,2044,Ec,355
414,2054,Ec,792
414,2064,Ec,736
416,2052,Pb,209
417,2044,Pb,391
417,2059,Pb,3411
418,2054,Pb,864
419,2044,Pb,303
419,2054,Pb,2211
420,2022,Ec,715
420,2032,Ec,1104
420,2042,Ec,1013
420,2052,Ec,1412
420,2062,Ec,1324
421,2040,Pb,40
421,2050,Pb,265
422,2054,Pb,807
423,2023,Ec,706
423,2033,Ec,638
423,2043,Ec,549
423,2053,Ec,1293
423,2063,Ec,1157
426,2021,Ec,333
426,2032,Ec,330
426,2043,Ec,298
426,2054,Ec,504
426,2065,Ec,459
427,2059,Pb,1632
428,2054,Pb,859
429,2059,Pb,1464
431,2024,Ec,116
431,2034,Ec,110
431,2044,Ec,97
431,2054,Ec,216
431,2064,Ec,201
432,2022,Ec,86
432,2032,Ec,129
432,2042,Ec,116
432,2052,Ec,229
432,2062,Ec,204
433,2024,Ec,1002
433,2034,Ec,941
433,2044,Ec,830
433,2054,Ec,1856
433,2064,Ec,1726
434,2023,Ec,564
434,2033,Ec,529
434,2043,Ec,467
434,2053,Ec,1033
434,2063,Ec,960
435,2024,Ec,109
435,2034,Ec,144
435,2044,Ec,131
435,2054,Ec,246
435,2064,Ec,223
436,2049,Pb,1294
437,2024,Ec,281
437,2034,Ec,379
437,2044,Ec,344
437,2054,Ec,639
437,2064,Ec,582
438,2022,Ec,1953
438,2032,Ec,2964
438,2042,Ec,2716
438,2052,Ec,3803
438,2062,Ec,3563
439,2021,Ec,3104
439,2031,Ec,3829
439,2041,Ec,3466
439,2051,Ec,4869
439,2061,Ec,4517
441,2025,Ec,203
441,2035,Ec,351
441,2045,Ec,321
441,2055,Ec,563
441,2065,Ec,519
442,2024,Ec,641
442,2034,Ec,602
442,2044,Ec,531
442,2054,Ec,1188
442,2064,Ec,1104
443,2049,Ct,136
443,2059,Ct,493
444,2059,Pb,1139
446,2034,Pb,50
446,2044,Pb,280
446,2054,Pb,1639
446,2069,Pb,51
447,2024,Ec,1137
447,2034,Ec,1068
447,2044,Ec,942
447,2054,Ec,2106
447,2064,Ec,1958
448,2054,Pb,1551
449,2020,Ec,246
449,2030,Ec,223
449,2040,Ec,192
449,2050,Ec,869
449,2060,Ec,783
450,2022,Ec,156
450,2034,Ec,145
450,2046,Ec,124
450,2058,Ec,550
451,2021,Pb,609
451,2056,Pb,142
452,2034,Pb,19
452,2044,Pb,92
452,2054,Pb,621
452,2069,Pb,17
454,2024,Ec,182
454,2034,Ec,239
454,2044,Ec,217
454,2054,Ec,407
454,2064,Ec,370
455,2059,Pb,931
456,2052,Ct,192
456,2057,Ct,433
457,2021,Ec,549
457,2032,Ec,548
457,2043,Ec,494
457,2054,Ec,836
457,2065,Ec,762
458,2044,Pb,363
458,2054,Pb,2706
459,2024,Ec,212
459,2034,Ec,288
459,2044,Ec,262
459,2054,Ec,484
459,2064,Ec,442
460,2024,Ec,164
460,2034,Ec,221
460,2044,Ec,201
460,2054,Ec,373
460,2064,Ec,340
461,2024,Ec,404
461,2036,Ec,568
461,2048,Ec,507
461,2060,Ec,1001
462,2024,Ec,183
462,2054,Ct,155
462,2064,Ct,237
462,2069,Ct,365
463,2034,Ct,2
463,2044,Ct,90
463,2054,Ct,143
463,2059,Ct,242
464,2022,Ec,172
464,2034,Ec,160
464,2046,Ec,136
464,2058,Ec,605
465,2025,Ec,327
465,2036,Ec,433
465,2047,Ec,393
465,2058,Ec,725
465,2069,Ec,664
466,2024,Ec,342
466,2034,Ec,458
466,2044,Ec,416
466,2054,Ec,774
466,2064,Ec,705
467,2026,Ec,455
467,2038,Ec,589
467,2050,Ec,534
467,2062,Ec,984
468,2022,Ec,369
468,2034,Ec,343
468,2046,Ec,293
468,2058,Ec,1299
469,2023,Ec,71
469,2033,Ec,97
469,2043,Ec,88
469,2053,Ec,170
469,2063,Ec,153
470,2049,Pb,239
471,2049,Pb,844
472,2025,Ec,361
472,2035,Ec,580
472,2045,Ec,522
472,2055,Ec,719
472,2065,Ec,666
473,2024,Ec,41
473,2034,Ec,54
473,2044,Ec,49
473,2054,Ec,92
473,2064,Ec,84
475,2034,Pb,95
475,2044,Pb,483
475,2054,Pb,3088
475,2069,Pb,92
476,2025,Ec,636
476,2036,Ec,601
476,2047,Ec,533
476,2058,Ec,1061
476,2069,Ec,992
477,2044,Pb,25
477,2054,Pb,186
478,2023,Ec,97
478,2033,Ec,91
478,2043,Ec,80
478,2053,Ec,178
478,2063,Ec,165
479,2054,Pb,189
480,2034,Pb,15
480,2044,Pb,83
480,2054,Pb,523
480,2069,Pb,16
481,2024,Ec,3285
481,2034,Ec,3109
481,2044,Ec,2765
481,2054,Ec,5487
481,2064,Ec,5139
482,2028,Ec,600
482,2039,Ec,539
482,2050,Ec,493
482,2061,Ec,862
483,2051,Pb,1426
484,2020,Ec,172
484,2030,Ec,151
484,2040,Ec,130
484,2050,Ec,314
484,2060,Ec,276
485,2044,Pb,89
485,2054,Pb,660
486,2029,Ec,101
486,2039,Ec,88
486,2049,Ec,78
486,2059,Ec,165
486,2069,Ec,145
487,2025,Ec,464
487,2037,Ec,436
487,2049,Ec,382
487,2061,Ec,848
488,2054,Pb,186
490,2044,Pb,261
490,2054,Pb,2067
491,2026,Ec,1230
491,2038,Ec,1164
491,2050,Ec,1029
491,2062,Ec,2047
492,2044,Pb,444
492,2054,Pb,3107
493,2024,Ec,1307
493,2034,Ec,1303
493,2044,Ec,1200
493,2054,Ec,1847
493,2064,Ec,1725
494,2022,Ec,462
494,2032,Ec,460
494,2042,Ec,419
494,2052,Ec,676
494,2062,Ec,623
495,2024,Ec,87
495,2034,Ec,82
495,2044,Ec,73
495,2054,Ec,146
495,2064,Ec,136
496,2023,Ec,150
496,2033,Ec,204
496,2043,Ec,184
496,2053,Ec,359
496,2063,Ec,322
497,2025,Ec,1565
497,2036,Ec,1553
497,2047,Ec,1430
497,2058,Ec,2195
497,2069,Ec,2048
498,2029,Ec,100
498,2039,Ec,89
498,2049,Ec,79
498,2059,Ec,128
498,2069,Ec,114
499,2027,Ec,72
499,2037,Ec,65
499,2047,Ec,56
499,2057,Ec,72
499,2067,Ec,65
500,2023,Ec,355
500,2033,Ec,316
500,2043,Ec,271
500,2053,Ec,670
500,2063,Ec,588
501,2027,Ec,1932
501,2039,Ec,3803
501,2051,Ec,3238
501,2063,Ec,3479
502,2026,Ec,579
502,2037,Ec,954
502,2048,Ec,872
502,2059,Ec,1534
503,2020,Ec,419
503,2030,Ec,366
503,2040,Ec,313
503,2050,Ec,761
503,2060,Ec,666
504,2024,Ec,301
504,2034,Ec,419
504,2044,Ec,375
504,2054,Ec,605
504,2064,Ec,540
505,2027,Ec,587
505,2038,Ec,1062
505,2049,Ec,964
505,2060,Ec,1785
506,2054,Pb,459
507,2034,Pb,22
507,2044,Pb,111
507,2054,Pb,751
507,2069,Pb,23
508,2044,Pb,425
508,2059,Pb,3896
509,2044,Pb,113
509,2054,Pb,830
510,2029,Ec,1545
510,2039,Ec,1427
510,2049,Ec,1256
510,2059,Ec,1545
510,2069,Ec,1427
511,2024,Ec,562
511,2034,Ec,581
511,2044,Ec,537
511,2054,Ec,815
511,2064,Ec,764
512,2044,Pb,268
512,2054,Pb,1989
514,2026,Ec,318
514,2037,Ec,291
514,2048,Ec,249
514,2059,Ec,597
515,2044,Pb,116
515,2054,Pb,819
516,2044,Pb,225
516,2059,Pb,2264
517,2044,Pb,182
517,2059,Pb,1663
518,2044,Pb,111
518,2054,Pb,835
519,2025,Ec,270
519,2035,Ec,442
519,2045,Ec,395
519,2055,Ec,620
519,2065,Ec,556
520,2026,Ec,888
520,2038,Ec,841
520,2050,Ec,745
520,2062,Ec,1478
521,2027,Ec,346
521,2037,Ec,302
521,2047,Ec,269
521,2057,Ec,569
521,2067,Ec,497
523,2024,Ec,2206
523,2034,Ec,2191
523,2044,Ec,2018
523,2054,Ec,3109
523,2064,Ec,2902
524,2022,Ec,160
524,2032,Ec,223
524,2042,Ec,199
524,2052,Ec,404
524,2062,Ec,357
525,2029,Ec,712
525,2039,Ec,655
525,2049,Ec,575
525,2059,Ec,712
525,2069,Ec,655
526,2021,Ec,2855
526,2031,Ec,4992
526,2041,Ec,4649
526,2051,Ec,4120
526,2061,Ec,4992
527,2026,Ec,784
527,2038,Ec,986
527,2050,Ec,891
527,2062,Ec,1666
528,2025,Ec,394
528,2036,Ec,503
528,2047,Ec,456
528,2058,Ec,856
528,2069,Ec,779
529,2025,Ec,120
529,2036,Ec,153
529,2047,Ec,139
529,2058,Ec,261
529,2069,Ec,238
530,2044,Pb,114
530,2054,Pb,774
531,2027,Ec,746
531,2037,Ec,660
531,2047,Ec,962
531,2057,Ec,859
531,2067,Ec,741
532,2025,Ec,734
532,2037,Ec,693
532,2049,Ec,609
532,2061,Ec,1342
533,2044,Pb,15
533,2054,Pb,109
534,2044,Pb,382
534,2059,Pb,3515
536,2024,Ec,384
536,2034,Ec,527
536,2044,Ec,480
536,2054,Ec,883
536,2064,Ec,806
537,2034,Ct,2
537,2044,Ct,81
537,2054,Ct,128
537,2059,Ct,216
538,2024,Ec,393
538,2034,Ec,369
538,2044,Ec,326
538,2054,Ec,728
538,2064,Ec,678
539,2026,Ec,639
539,2036,Ec,963
539,2046,Ec,867
539,2056,Ec,1305
539,2066,Ec,1194
540,2034,Ct,8
540,2044,Ct,250
540,2054,Ct,397
540,2059,Ct,669
541,2021,Ec,158
541,2031,Ec,145
541,2041,Ec,126
541,2051,Ec,565
541,2061,Ec,511
542,2026,Ec,78
542,2036,Ec,117
542,2046,Ec,105
542,2056,Ec,159
542,2066,Ec,145
543,2044,Pb,447
543,2054,Pb,3146
545,2044,Pb,281
545,2054,Pb,1920
546,2044,Pb,227
546,2059,Pb,2041
547,2024,Ec,704
547,2034,Ec,663
547,2044,Ec,586
547,2054,Ec,1305
547,2064,Ec,1215
550,2021,Ec,75
550,2031,Ec,211
550,2041,Ec,189
550,2051,Ec,330
550,2061,Ec,292
551,2023,Ec,198
551,2034,Ec,486
551,2045,Ec,436
551,2056,Ec,738
551,2067,Ec,666
552,2027,Ec,1256
552,2037,Ec,1840
552,2047,Ec,1706
552,2057,Ec,1506
552,2067,Ec,1840
553,2023,Ec,608
553,2035,Ec,828
553,2047,Ec,750
553,2059,Ec,1037
554,2044,Pb,399
554,2054,Pb,2711
555,2022,Ec,2468
555,2032,Ec,2960
555,2042,Ec,3879
555,2052,Ec,3594
555,2062,Ec,3172
556,2023,Ec,285
556,2035,Ec,265
556,2047,Ec,227
556,2059,Ec,1016
557,2021,Ec,205
557,2031,Ec,188
557,2041,Ec,163
557,2051,Ec,732
557,2061,Ec,661
558,2029,Ec,1046
558,2039,Ec,970
558,2049,Ec,857
558,2059,Ec,1046
558,2069,Ec,970
559,2031,Ec,1440
559,2043,Ec,1292
559,2055,Ec,1183
559,2067,Ec,2057
560,2022,Ec,217
560,2034,Ec,197
560,2046,Ec,167
560,2058,Ec,492
561,2021,Ec,41
561,2031,Ec,37
561,2041,Ec,31
561,2051,Ec,77
561,2061,Ec,67
562,2020,Ec,102
562,2030,Ec,90
562,2040,Ec,77
562,2050,Ec,233
562,2060,Ec,205
563,2026,Ec,181
563,2037,Ec,356
563,2048,Ec,320
563,2059,Ec,629
564,2044,Pb,170
564,2054,Pb,1205
565,2021,Ec,46
565,2032,Ec,103
565,2043,Ec,92
565,2054,Ec,161
565,2065,Ec,145
566,2021,Ec,395
566,2031,Ec,404
566,2041,Ec,368
566,2051,Ec,600
566,2061,Ec,550
568,2044,Pb,29
568,2054,Pb,214
569,2025,Ec,1089
569,2035,Ec,2395
569,2045,Ec,2049
569,2055,Ec,2173
569,2065,Ec,2015
570,2044,Pb,17
570,2054,Pb,119
571,2034,Pb,38
571,2044,Pb,185
571,2054,Pb,1236
571,2069,Pb,39
572,2044,Pb,183
572,2054,Pb,1285
574,2044,Pb,178
574,2054,Pb,1208
575,2029,Ec,1113
575,2040,Ec,998
575,2051,Ec,1442
575,2062,Ec,1326
576,2023,Ec,615
576,2034,Ec,837
576,2045,Ec,762
576,2056,Ec,1042
576,2067,Ec,975
577,2023,Ec,1236
577,2035,Ec,1684
577,2047,Ec,1525
577,2059,Ec,2108
578,2021,Ec,182
578,2031,Ec,258
578,2041,Ec,234
578,2051,Ec,324
578,2061,Ec,302
579,2044,Pb,288
579,2054,Pb,2034
580,2044,Pb,563
580,2054,Pb,4127
581,2052,Pb,545
582,2044,Pb,200
582,2054,Pb,1410
583,2044,Pb,396
583,2054,Pb,2662
584,2034,Pb,49
584,2044,Pb,253
584,2054,Pb,1618
584,2069,Pb,48
585,2034,Pb,15
585,2044,Pb,80
585,2054,Pb,492
585,2069,Pb,15
586,2022,Ec,603
586,2033,Ec,559
586,2044,Ec,481
586,2055,Ec,2151
586,2066,Ec,1954
587,2024,Ec,320
587,2034,Ec,437
587,2044,Ec,397
587,2054,Ec,734
587,2064,Ec,670
588,2024,Ec,751
588,2034,Ec,1005
588,2044,Ec,914
588,2054,Ec,1699
588,2064,Ec,1549
589,2021,Ec,1098
589,2031,Ec,583
589,2041,Ec,522
589,2051,Ec,950
589,2061,Ec,838
590,2027,Pb,335
590,2037,Pb,780
590,2047,Pb,6600
591,2022,Ec,1129
591,2032,Ec,1169
591,2042,Ec,1703
591,2052,Ec,1575
591,2062,Ec,1387
592,2029,Ec,2490
592,2039,Ec,2289
592,2049,Ec,2007
592,2059,Ec,2490
592,2069,Ec,2289
593,2023,Ec,701
593,2035,Ec,705
593,2047,Ec,639
593,2059,Ec,1040
594,2026,Ec,908
594,2038,Ec,1820
594,2050,Ec,1649
594,2062,Ec,2645
595,2026,Ec,405
595,2038,Ec,405
595,2050,Ec,373
595,2062,Ec,568
596,2023,Ec,507
596,2034,Ec,690
596,2045,Ec,629
596,2056,Ec,859
596,2067,Ec,804
597,2028,Ec,292
597,2039,Ec,261
597,2050,Ec,489
597,2061,Ec,433
598,2024,Ec,260
598,2034,Ec,266
598,2044,Ec,246
598,2054,Ec,375
598,2064,Ec,351
599,2021,Ec,132
599,2033,Ec,210
599,2045,Ec,305
599,2057,Ec,278
599,2069,Ec,240
600,2021,Ec,387
600,2033,Ec,906
600,2045,Ec,804
600,2057,Ec,1419
600,2069,Ec,1272
601,2024,Ec,37
601,2034,Ec,52
601,2044,Ec,46
601,2054,Ec,75
601,2064,Ec,67
602,2025,Ec,404
602,2036,Ec,520
602,2047,Ec,471
602,2058,Ec,881
602,2069,Ec,803
603,2026,Ec,575
603,2038,Ec,541
603,2050,Ec,474
603,2062,Ec,1063
604,2021,Ec,302
604,2033,Ec,298
604,2045,Ec,267
604,2057,Ec,461
604,2069,Ec,417
605,2031,Ec,2843
605,2043,Ec,2638
605,2055,Ec,2321
605,2067,Ec,2843
606,2030,Ec,1017
606,2041,Ec,923
606,2052,Ec,799
606,2063,Ec,1017
607,2035,Pb,545
607,2045,Pb,5108
608,2039,Pb,7
608,2049,Pb,89
609,2027,Ec,3090
609,2037,Ec,2923
609,2047,Ec,2547
609,2057,Ec,2707
609,2067,Ec,2535
611,2037,Pb,73
611,2047,Pb,576
612,2025,Ec,572
612,2036,Ec,1198
612,2047,Ec,1087
612,2058,Ec,1744
612,2069,Ec,1606
613,2026,Ec,91
613,2037,Ec,144
613,2048,Ec,128
613,2059,Ec,200
614,2021,Ec,283
614,2031,Ec,251
614,2041,Ec,228
614,2051,Ec,379
614,2061,Ec,345
615,2024,Ec,520
615,2034,Ec,703
615,2044,Ec,639
615,2054,Ec,1183
615,2064,Ec,1080
616,2023,Ec,514
616,2033,Ec,457
616,2043,Ec,391
616,2053,Ec,967
616,2063,Ec,850
618,2022,Ec,114
618,2033,Ec,106
618,2044,Ec,91
618,2055,Ec,409
618,2066,Ec,371
619,2020,Ec,711
619,2030,Ec,626
619,2040,Ec,536
619,2050,Ec,1292
619,2060,Ec,1139
620,2024,Ec,1024
620,2034,Ec,962
620,2044,Ec,850
620,2054,Ec,1899
620,2064,Ec,1764
621,2022,Ec,2548
621,2032,Ec,3916
621,2042,Ec,3590
621,2052,Ec,5013
621,2062,Ec,4700
622,2020,Ec,1053
622,2030,Ec,518
622,2040,Ec,453
622,2050,Ec,786
622,2060,Ec,721
623,2037,Pb,231
623,2047,Pb,1805
624,2025,Ec,389
624,2035,Ec,535
624,2045,Ec,491
624,2055,Ec,978
624,2065,Ec,909
625,2026,Ec,837
625,2038,Ec,792
625,2050,Ec,701
625,2062,Ec,1394
626,2027,Ec,1516
626,2037,Ec,1407
626,2047,Ec,1244
626,2057,Ec,1516
626,2067,Ec,1407
627,2044,Pb,728
627,2054,Pb,5191
628,2034,Ct,31
628,2044,Ct,966
628,2054,Ct,1532
628,2059,Ct,2581
629,2034,Pb,125
629,2044,Pb,633
629,2054,Pb,4139
629,2069,Pb,126
630,2034,Pb,180
630,2044,Pb,970
630,2054,Pb,6230
630,2069,Pb,199
631,2024,Ec,681
631,2036,Ec,910
631,2048,Ec,809
631,2060,Ec,1629
632,2024,Ec,727
632,2034,Ec,739
632,2044,Ec,681
632,2054,Ec,1042
632,2064,Ec,974
633,2044,Pb,36
633,2054,Pb,266
634,2029,Ec,1537
634,2039,Ec,1417
634,2049,Ec,1244
634,2059,Ec,1537
634,2069,Ec,1417
635,2022,Ec,3624
635,2034,Ec,5001
635,2046,Ec,4507
635,2058,Ec,6309
636,2034,Pb,75
636,2044,Pb,423
636,2059,Pb,3196
637,2021,Ec,249
637,2031,Ec,332
637,2041,Ec,301
637,2051,Ec,437
637,2061,Ec,405
638,2022,Ec,285
638,2034,Ec,282
638,2046,Ec,254
638,2058,Ec,424
639,2044,Pb,40
639,2054,Pb,304
640,2044,Pb,605
640,2054,Pb,4704
641,2044,Pb,947
641,2054,Pb,6923
642,2022,Ec,55
642,2034,Ec,51
642,2046,Ec,43
642,2058,Ec,194
643,2044,Pb,660
643,2059,Pb,6098
644,2021,Ec,55
644,2031,Ec,78
644,2041,Ec,71
644,2051,Ec,101
644,2061,Ec,94
645,2049,Ct,290
645,2059,Ct,1047
647,2022,Ec,194
647,2032,Ec,293
647,2042,Ec,263
647,2052,Ec,518
647,2062,Ec,462
648,2024,Ec,733
648,2034,Ec,952
648,2044,Ec,864
648,2054,Ec,1626
648,2064,Ec,1476
649,2023,Ec,1007
649,2033,Ec,1380
649,2043,Ec,1246
649,2053,Ec,2414
649,2063,Ec,2169
650,2022,Ec,2891
650,2032,Ec,4330
650,2042,Ec,3964
650,2052,Ec,5569
650,2062,Ec,5214
651,2021,Ec,2582
651,2031,Ec,3469
651,2041,Ec,3247
651,2051,Ec,2892
651,2061,Ec,3469
652,2039,Pb,527
652,2049,Pb,3518
653,2025,Ec,489
653,2036,Ec,630
653,2047,Ec,570
653,2058,Ec,1066
653,2069,Ec,972
654,2026,Ec,180
654,2037,Ec,165
654,2048,Ec,141
654,2059,Ec,338
656,2025,Ec,72
656,2035,Ec,306
656,2045,Ec,280
656,2055,Ec,389
656,2065,Ec,365
657,2023,Ec,21
657,2033,Ec,19
657,2043,Ec,16
657,2053,Ec,40
657,2063,Ec,35
659,2029,Ec,5416
659,2039,Ec,5074
659,2049,Ec,4529
659,2059,Ec,5416
659,2069,Ec,5074
660,2029,Ec,8
660,2039,Ec,7
660,2049,Ec,6
660,2059,Ec,8
660,2069,Ec,7
661,2025,Ec,327
661,2055,Sb,25
661,2065,Sb,150
662,2029,Ec,2891
662,2039,Ec,2659
662,2049,Ec,2333
662,2059,Ec,2891
662,2069,Ec,2659
663,2021,Ec,769
663,2031,Ec,932
663,2041,Ec,843
663,2051,Ec,1190
663,2061,Ec,1102
664,2021,Ec,212
664,2031,Ec,228
664,2041,Ec,205
664,2051,Ec,339
664,2061,Ec,306
665,2054,Ct,61
665,2059,Ct,137
666,2025,Ec,1781
666,2036,Ec,1675
666,2047,Ec,1471
666,2058,Ec,3299
666,2069,Ec,3060
667,2037,Pb,16
667,2062,Pb,6
668,2024,Ec,2378
668,2034,Ec,2393
668,2044,Ec,3396
668,2054,Ec,3170
668,2064,Ec,2819
669,2026,Ec,971
669,2038,Ec,3952
669,2050,Ec,3583
669,2062,Ec,5108
670,2021,Ec,1115
670,2031,Ec,1199
670,2041,Ec,1080
670,2051,Ec,1783
670,2061,Ec,1611
671,2044,Pb,4
671,2054,Pb,30
672,2022,Ec,355
672,2032,Ec,492
672,2042,Ec,439
672,2052,Ec,892
672,2062,Ec,788
673,2021,Ec,491
673,2032,Ec,480
673,2043,Ec,433
673,2054,Ec,735
673,2065,Ec,669
674,2044,Pb,629
674,2059,Pb,5594
675,2029,Ec,1608
675,2039,Ec,1456
675,2049,Ec,1264
675,2059,Ec,1608
675,2069,Ec,1456
676,2024,Ec,882
676,2034,Ec,829
676,2044,Ec,731
676,2054,Ec,1635
676,2064,Ec,1519
677,2023,Ec,3686
677,2033,Ec,5712
677,2043,Ec,5333
677,2053,Ec,4738
677,2063,Ec,5712
678,2020,Ec,326
678,2030,Ec,296
678,2040,Ec,256
678,2050,Ec,1154
678,2060,Ec,1040
679,2022,Ec,2464
679,2032,Ec,3844
679,2042,Ec,3529
679,2052,Ec,4907
679,2062,Ec,4606
680,2023,Ec,723
680,2053,Ct,514
680,2063,Ct,783
680,2068,Ct,1205
681,2027,Ec,728
681,2037,Ec,647
681,2047,Ec,581
681,2057,Ec,928
681,2067,Ec,833
682,2026,Ec,1429
682,2037,Ec,2938
682,2048,Ec,2505
682,2059,Ec,2674
683,2044,Pb,993
683,2059,Pb,9052
684,2020,Ec,1195
684,2030,Ec,1045
684,2040,Ec,892
684,2050,Ec,2170
684,2060,Ec,1902
685,2022,Ec,916
685,2032,Ec,938
685,2042,Ec,857
685,2052,Ec,1368
685,2062,Ec,1265
686,2025,Ec,7084
686,2036,Ec,7172
686,2047,Ec,6610
686,2058,Ec,10072
686,2069,Ec,9416
687,2024,Ec,988
687,2034,Ec,928
687,2044,Ec,818
687,2054,Ec,1832
687,2064,Ec,1702
688,2022,Ec,264
688,2032,Ec,266
688,2042,Ec,243
688,2052,Ec,390
688,2062,Ec,360
689,2023,Ec,1942
689,2033,Ec,1835
689,2043,Ec,1631
689,2053,Ec,3202
689,2063,Ec,2999
690,2023,Ec,1618
690,2033,Ec,1519
690,2043,Ec,1339
690,2053,Ec,2964
690,2063,Ec,2754
691,2026,Ec,233
691,2037,Ec,213
691,2048,Ec,182
691,2059,Ec,437
692,2042,Pb,108
692,2052,Pb,1248
693,2027,Ec,2323
693,2037,Ec,2200
693,2047,Ec,1918
693,2057,Ec,2038
693,2067,Ec,1911
694,2021,Ec,2306
694,2031,Ec,3608
694,2041,Ec,3292
694,2051,Ec,4665
694,2061,Ec,4352
695,2022,Ec,527
695,2032,Ec,730
695,2042,Ec,666
695,2052,Ec,911
695,2062,Ec,853
696,2022,Ec,69
696,2032,Ec,98
696,2042,Ec,88
696,2052,Ec,177
696,2062,Ec,157
697,2024,Ec,1859
697,2034,Ec,1757
697,2044,Ec,1561
697,2054,Ec,3105
697,2064,Ec,2905
698,2025,Ec,1331
698,2035,Ec,2834
698,2045,Ec,2414
698,2055,Ec,2570
698,2065,Ec,2376
699,2034,Pb,50
699,2044,Pb,260
699,2054,Pb,1668
699,2069,Pb,52
700,2021,Ec,1165
700,2031,Ec,1622
700,2041,Ec,1473
700,2051,Ec,2044
700,2061,Ec,1904
701,2021,Ec,2514
701,2031,Ec,5576
701,2041,Ec,5120
701,2051,Ec,7653
701,2061,Ec,7138
702,2025,Ec,68
702,2035,Ec,166
702,2045,Ec,149
702,2055,Ec,128
702,2065,Ec,166
703,2034,Pb,5
703,2044,Pb,28
703,2054,Pb,183
703,2069,Pb,5
704,2030,Ec,1996
704,2041,Ec,1808
704,2052,Ec,1561
704,2063,Ec,1996
705,2044,Pb,246
705,2054,Pb,1759
706,2044,Pb,18
706,2054,Pb,141
707,2034,Pb,179
707,2044,Pb,916
707,2054,Pb,5792
707,2069,Pb,177
708,2059,Pb,2945
709,2044,Pb,167
709,2054,Pb,1176
710,2054,Pb,1088
711,2029,Ec,975
711,2041,Ec,875
711,2053,Ec,800
711,2065,Ec,1394
712,2021,Ec,372
712,2032,Ec,505
712,2043,Ec,734
712,2054,Ec,670
712,2065,Ec,581
713,2029,Ec,918
713,2041,Ec,825
713,2053,Ec,755
713,2065,Ec,1307
715,2024,Ec,2242
715,2034,Ec,2232
715,2044,Ec,2056
715,2054,Ec,3165
715,2064,Ec,2955
716,2044,Pb,35
716,2054,Pb,258
717,2021,Ec,1213
717,2031,Ec,1213
717,2041,Ec,1103
717,2051,Ec,1810
717,2061,Ec,1657
718,2025,Ec,624
718,2035,Ec,586
718,2045,Ec,521
718,2055,Ec,813
718,2065,Ec,760
719,2023,Ec,294
719,2033,Ec,392
719,2043,Ec,351
719,2053,Ec,517
719,2063,Ec,469
720,2027,Ec,2428
720,2037,Ec,2237
720,2047,Ec,1964
720,2057,Ec,2428
720,2067,Ec,2237
721,2027,Ec,89
721,2037,Ec,80
721,2047,Ec,73
721,2057,Ec,130
721,2067,Ec,120
722,2028,Ec,211
722,2038,Ec,190
722,2048,Ec,174
722,2058,Ec,306
722,2068,Ec,283
723,2026,Ec,575
723,2037,Ec,1623
723,2048,Ec,1507
723,2059,Ec,1330
724,2028,Ec,438
724,2039,Ec,399
724,2050,Ec,345
724,2061,Ec,438
725,2028,Ec,1543
725,2039,Ec,1425
725,2050,Ec,1249
725,2061,Ec,1543
726,2028,Ec,2092
726,2040,Ec,3159
726,2052,Ec,2905
726,2064,Ec,4908
728,2023,Ec,1860
728,2033,Ec,1748
728,2043,Ec,1555
728,2053,Ec,2364
728,2063,Ec,2211
729,2022,Ec,67
729,2032,Ec,95
729,2042,Ec,85
729,2052,Ec,172
729,2062,Ec,152
730,2023,Ec,423
730,2033,Ec,625
730,2043,Ec,581
730,2053,Ec,515
730,2063,Ec,625
731,2021,Ec,141
731,2031,Ec,223
731,2041,Ec,204
731,2051,Ec,288
731,2061,Ec,269
732,2044,Pb,472
732,2054,Pb,3434
733,2034,Pb,91
733,2044,Pb,496
733,2054,Pb,2959
733,2069,Pb,91
734,2044,Pb,31
734,2054,Pb,224
736,2044,Pb,208
736,2059,Pb,1974
737,2049,Ct,381
737,2059,Ct,1378
738,2021,Ec,1812
738,2033,Ec,2054
738,2045,Ec,1850
738,2057,Ec,3115
738,2069,Ec,2841
739,2049,Pb,12
740,2049,Ct,849
740,2059,Ct,3067
741,2028,Ec,5081
741,2040,Ec,6115
741,2052,Ec,8429
741,2064,Ec,7822
742,2027,Ec,311
742,2038,Ec,452
742,2049,Ec,406
742,2060,Ec,613
743,2026,Ec,330
743,2036,Ec,618
743,2046,Ec,563
743,2056,Ec,1044
743,2066,Ec,954
744,2026,Ec,613
744,2036,Ec,914
744,2046,Ec,823
744,2056,Ec,1243
744,2066,Ec,1136
745,2024,Ec,2090
745,2036,Ec,2068
745,2048,Ec,1881
745,2060,Ec,3013
749,2044,Pb,125
749,2054,Pb,886
750,2044,Pb,1281
750,2054,Pb,9157
751,2022,Ec,355
751,2032,Ec,499
751,2042,Ec,448
751,2052,Ec,903
751,2062,Ec,799
752,2022,Ec,400
752,2032,Ec,606
752,2042,Ec,555
752,2052,Ec,778
752,2062,Ec,728
753,2025,Ec,2889
753,2036,Ec,2843
753,2047,Ec,2616
753,2058,Ec,4027
753,2069,Ec,3756
755,2021,Ec,1295
755,2031,Ec,1158
755,2041,Ec,1052
755,2051,Ec,1744
755,2061,Ec,1591
756,2021,Ec,1149
756,2031,Ec,1018
756,2041,Ec,923
756,2051,Ec,1537
756,2061,Ec,1399
757,2021,Ec,753
757,2031,Ec,1040
757,2041,Ec,947
757,2051,Ec,1360
757,2061,Ec,1264
758,2029,Ec,2925
758,2039,Ec,2722
758,2049,Ec,2412
758,2059,Ec,2925
758,2069,Ec,2722
759,2024,Ec,704
759,2034,Ec,662
759,2044,Ec,585
759,2054,Ec,1305
759,2064,Ec,1214
760,2030,Ec,1140
760,2041,Ec,1015
760,2052,Ec,927
760,2063,Ec,1886
761,2041,Pb,2614
761,2066,Pb,427
762,2025,Ec,1494
762,2037,Ec,1409
762,2049,Ec,1238
762,2061,Ec,2730
763,2023,Ec,1115
763,2033,Ec,1048
763,2043,Ec,924
763,2053,Ec,2043
763,2063,Ec,1899
764,2021,Ec,1968
764,2031,Ec,2446
764,2041,Ec,2216
764,2051,Ec,3106
764,2061,Ec,2885
765,2025,Ec,1886
765,2036,Ec,2157
765,2047,Ec,2766
765,2058,Ec,2586
765,2069,Ec,2302
766,2020,Ec,411
766,2032,Ec,384
766,2044,Ec,333
766,2056,Ec,1106
766,2068,Ec,1023
767,2027,Ec,1026
767,2037,Ec,956
767,2047,Ec,848
767,2057,Ec,1026
767,2067,Ec,956
768,2023,Ec,610
768,2033,Ec,728
768,2043,Ec,942
768,2053,Ec,879
768,2063,Ec,781
769,2022,Ec,2256
769,2032,Ec,3515
769,2042,Ec,3226
769,2052,Ec,4490
769,2062,Ec,4212
770,2022,Ec,640
770,2032,Ec,748
770,2042,Ec,985
770,2052,Ec,911
770,2062,Ec,802
773,2039,Pb,300
773,2049,Pb,2203
774,2023,Ec,413
774,2033,Ec,389
774,2043,Ec,343
774,2053,Ec,757
774,2063,Ec,705
775,2054,Ct,118
775,2059,Ct,266
778,2028,Ec,1929
778,2039,Ec,1748
778,2050,Ec,1574
778,2061,Ec,2359
779,2021,Ec,131
779,2033,Ec,2408
779,2045,Ec,2028
779,2057,Ec,1910
779,2069,Ec,1783
780,2022,Ec,195
780,2032,Ec,272
780,2042,Ec,242
780,2052,Ec,364
780,2062,Ec,326
781,2054,Pb,793
782,2021,Ec,710
782,2031,Ec,987
782,2041,Ec,899
782,2051,Ec,1289
782,2061,Ec,1199
783,2024,Ec,299
783,2034,Ec,189
783,2044,Ec,172
783,2054,Ec,370
783,2064,Ec,341
784,2037,Pb,53
784,2047,Pb,416
785,2037,Pb,338
785,2047,Pb,2646
809,2026,Ec,968
809,2036,Ec,1454
809,2046,Ec,1311
809,2056,Ec,1973
809,2066,Ec,1804
810,2020,Ec,276
810,2030,Ec,377
810,2040,Ec,653
810,2050,Ec,572
810,2060,Ec,490
811,2029,Ec,4501
811,2041,Ec,4080
811,2053,Ec,3666
811,2065,Ec,5486
813,2051,Pb,79
813,2066,Pb,1713
814,2025,Pb,1080
814,2060,Pb,1581
815,2020,Ec,304
815,2030,Ec,423
815,2040,Ec,1355
815,2050,Ec,1223
815,2060,Ec,1062
817,2027,Ec,835
817,2037,Ec,1012
817,2047,Ec,929
817,2057,Ec,813
817,2067,Ec,1012
818,2031,Pb,541
818,2056,Pb,395
818,2066,Pb,2535
837,2022,Ec,1355
837,2034,Ec,1425
837,2046,Ec,2114
837,2058,Ec,1937
838,2024,Pb,96
838,2034,Pb,2731
838,2059,Pb,150
838,2069,Pb,1714
839,2026,Ec,423
839,2036,Ec,634
839,2046,Ec,572
839,2056,Ec,861
839,2066,Ec,787
840,2027,Ec,690
840,2037,Ec,521
840,2047,Ec,468
840,2057,Ec,405
840,2067,Ec,521
841,2028,Ec,686
841,2039,Ec,826
841,2050,Ec,759
841,2061,Ec,662
842,2027,Ec,1338
842,2037,Ec,1011
842,2047,Ec,908
842,2057,Ec,785
842,2067,Ec,1011
843,2027,Ec,1262
843,2037,Ec,953
843,2047,Ec,856
843,2057,Ec,740
843,2067,Ec,953
844,2028,Ec,683
844,2039,Ec,620
844,2050,Ec,535
844,2061,Ec,683
845,2027,Ec,2191
845,2037,Ec,1969
845,2047,Ec,1805
845,2057,Ec,3161
845,2067,Ec,2921
857,2021,Ec,807
857,2031,Ec,715
857,2041,Ec,1069
857,2051,Ec,999
857,2061,Ec,889
858,2027,Ec,1760
858,2037,Ec,1620
858,2047,Ec,1422
858,2057,Ec,1760
858,2067,Ec,1620
859,2042,Pb,199
859,2052,Pb,1341
860,2027,Ec,351
860,2037,Ec,593
860,2047,Ec,521
860,2057,Ec,447
860,2067,Ec,593
861,2027,Ec,417
861,2037,Ec,375
861,2047,Ec,545
861,2057,Ec,499
861,2067,Ec,436
862,2027,Ec,318
862,2057,Ct,255
862,2067,Ct,922
863,2025,Ec,118
863,2035,Ec,217
863,2045,Ec,196
863,2055,Ec,451
863,2065,Ec,417
867,2026,Ec,508
867,2036,Ec,459
867,2046,Ec,395
867,2056,Ec,965
867,2066,Ec,862
868,2028,Ec,2315
868,2040,Ec,3966
868,2052,Ec,3417
868,2064,Ec,3673
869,2026,Ec,340
869,2036,Ec,493
869,2046,Ec,443
869,2056,Ec,676
869,2066,Ec,615
870,2028,Ec,795
870,2040,Ec,1104
870,2052,Ec,987
870,2064,Ec,1505
871,2026,Ec,533
871,2036,Ec,775
871,2046,Ec,697
871,2056,Ec,1063
871,2066,Ec,967
872,2026,Ec,243
872,2036,Ec,352
872,2046,Ec,317
872,2056,Ec,483
872,2066,Ec,440
873,2026,Ec,389
873,2036,Ec,564
873,2046,Ec,507
873,2056,Ec,774
873,2066,Ec,704
874,2026,Ec,245
874,2036,Ec,356
874,2046,Ec,320
874,2056,Ec,489
874,2066,Ec,445
875,2021,Ec,1109
875,2051,Ct,554
875,2061,Ct,2002
876,2027,Ec,498
876,2037,Ec,603
876,2047,Ec,554
876,2057,Ec,485
876,2067,Ec,603
877,2029,Ec,623
877,2039,Ec,574
877,2049,Ec,504
877,2059,Ec,623
877,2069,Ec,574
878,2029,Ec,556
878,2039,Ec,512
878,2049,Ec,450
878,2059,Ec,556
878,2069,Ec,512
879,2025,Ec,504
879,2035,Ec,644
879,2045,Ec,914
879,2055,Ec,841
879,2065,Ec,738
881,2025,Ec,334
881,2035,Ec,819
881,2045,Ec,733
881,2055,Ec,635
881,2065,Ec,819
882,2021,Ec,164
882,2031,Ec,261
882,2041,Ec,352
882,2051,Ec,313
882,2061,Ec,269
896,2020,Ec,345
896,2030,Ec,208
896,2040,Ec,498
896,2050,Ec,438
896,2060,Ec,377
898,2022,Ec,1077
898,2034,Ec,1633
898,2046,Ec,1529
898,2058,Ec,1362
906,2021,Ec,595
906,2032,Ec,1676
906,2043,Ec,1553
906,2054,Ec,1364
906,2065,Ec,1676
907,2025,Ec,65
907,2035,Ec,119
907,2045,Ec,107
907,2055,Ec,248
907,2065,Ec,228
908,2021,Ec,366
908,2031,Ec,1063
908,2041,Ec,993
908,2051,Ec,882
908,2061,Ec,1063
909,2025,Ec,793
909,2035,Ec,720
909,2045,Ec,621
909,2055,Ec,1487
909,2065,Ec,1336
910,2024,Ec,37
910,2034,Ec,92
910,2044,Ec,83
910,2054,Ec,161
910,2064,Ec,144
911,2025,Ec,291
911,2035,Ec,717
911,2045,Ec,644
911,2055,Ec,557
911,2065,Ec,717
912,2024,Ec,45
912,2034,Ec,111
912,2044,Ec,100
912,2054,Ec,193
912,2064,Ec,173
913,2025,Ec,170
913,2035,Ec,235
913,2045,Ec,400
913,2055,Ec,360
913,2065,Ec,312
914,2027,Ec,1210
914,2039,Ec,1532
914,2051,Ec,2148
914,2063,Ec,1982
915,2027,Ec,795
915,2037,Ec,704
915,2047,Ec,1020
915,2057,Ec,912
915,2067,Ec,789
916,2027,Ec,673
916,2037,Ec,508
916,2047,Ec,455
916,2057,Ec,394
916,2067,Ec,508
917,2025,Ec,353
917,2035,Ec,487
917,2045,Ec,833
917,2055,Ec,746
917,2065,Ec,645
918,2027,Ec,282
918,2037,Ec,250
918,2047,Ec,362
918,2057,Ec,324
918,2067,Ec,280
919,2021,Ec,1692
919,2031,Ec,3714
919,2041,Ec,3402
919,2051,Ec,2976
919,2061,Ec,3714
920,2021,Ec,366
920,2031,Ec,375
920,2041,Ec,506
920,2051,Ec,462
920,2061,Ec,403
921,2025,Ec,406
921,2035,Ec,987
921,2045,Ec,882
921,2055,Ec,762
921,2065,Ec,987
922,2054,Ct,600
922,2059,Ct,1352
923,2028,Ec,701
923,2039,Ec,618
923,2050,Ec,885
923,2061,Ec,799
924,2027,Ec,637
924,2037,Ec,481
924,2047,Ec,432
924,2057,Ec,375
924,2067,Ec,481
925,2044,Pb,101
925,2054,Pb,764
926,2027,Ec,326
926,2037,Ec,289
926,2047,Ec,416
926,2057,Ec,373
926,2067,Ec,323
927,2027,Ec,3110
927,2037,Ec,2619
927,2047,Ec,2415
927,2057,Ec,2260
927,2067,Ec,2015
928,2032,Pb,27
928,2042,Pb,137
928,2052,Pb,914
928,2067,Pb,27
929,2054,Pb,236
931,2054,Pb,467
932,2029,Ec,671
932,2039,Ec,595
932,2049,Ec,533
932,2059,Ec,860
932,2069,Ec,770
933,2029,Ec,826
933,2039,Ec,733
933,2049,Ec,656
933,2059,Ec,1057
933,2069,Ec,946
934,2028,Ec,1381
934,2039,Ec,1237
934,2050,Ec,1790
934,2061,Ec,1642
935,2027,Ec,510
935,2037,Ec,458
935,2047,Ec,666
935,2057,Ec,610
935,2067,Ec,533
937,2027,Ec,1074
937,2037,Ec,1306
937,2047,Ec,1195
937,2057,Ec,1045
937,2067,Ec,1306
938,2027,Ec,1244
938,2037,Ec,1513
938,2047,Ec,1385
938,2057,Ec,1211
938,2067,Ec,1513
939,2028,Ec,5190
939,2039,Ec,4905
939,2050,Ec,4264
939,2061,Ec,4559
940,2027,Ec,1308
940,2037,Ec,1204
940,2047,Ec,1057
940,2057,Ec,1308
940,2067,Ec,1204
941,2029,Ec,1780
941,2041,Ec,1388
941,2053,Ec,1296
941,2065,Ec,1153
942,2027,Ec,1659
942,2037,Ec,1287
942,2047,Ec,1204
942,2057,Ec,1074
942,2067,Ec,1287
943,2027,Ec,975
943,2037,Ec,736
943,2047,Ec,660
943,2057,Ec,570
943,2067,Ec,736
944,2021,Ec,636
944,2031,Ec,1258
944,2041,Ec,1152
944,2051,Ec,1007
944,2061,Ec,1258
945,2027,Ec,782
945,2037,Ec,702
945,2047,Ec,1024
945,2057,Ec,937
945,2067,Ec,818
946,2022,Ec,730
946,2033,Ec,2146
946,2044,Ec,2006
946,2055,Ec,1782
946,2066,Ec,2146
947,2027,Ec,5366
947,2037,Ec,4163
947,2047,Ec,3895
947,2057,Ec,3473
947,2067,Ec,4163
948,2028,Ec,5770
948,2039,Ec,4838
948,2050,Ec,4469
948,2061,Ec,4174
949,2027,Ec,567
949,2037,Ec,476
949,2047,Ec,439
949,2057,Ec,411
949,2067,Ec,366
950,2026,Ec,295
950,2036,Ec,268
950,2046,Ec,231
950,2056,Ec,560
950,2066,Ec,503
951,2027,Ec,2195
951,2037,Ec,2077
951,2047,Ec,1809
951,2057,Ec,1924
951,2067,Ec,1802
952,2027,Ec,797
952,2037,Ec,602
952,2047,Ec,541
952,2057,Ec,467
952,2067,Ec,602
953,2023,Pb,990
953,2058,Pb,1625
954,2026,Ec,360
954,2036,Ec,327
954,2046,Ec,282
954,2056,Ec,685
954,2066,Ec,615
955,2026,Ec,108
955,2036,Ec,98
955,2046,Ec,85
955,2056,Ec,207
955,2066,Ec,185
956,2051,Pb,17
956,2066,Pb,399
957,2025,Ec,109
957,2035,Ec,196
957,2045,Ec,176
957,2055,Ec,412
957,2065,Ec,379
958,2026,Ec,268
958,2036,Ec,244
958,2046,Ec,210
958,2056,Ec,510
958,2066,Ec,458
959,2041,Pb,287
959,2051,Pb,3217
960,2040,Pb,1341
961,2039,Pb,2343
962,2026,Ec,383
962,2036,Ec,575
962,2046,Ec,519
962,2056,Ec,781
962,2066,Ec,714
964,2044,Pb,285
964,2054,Pb,2019
965,2022,Ec,1686
965,2032,Ec,2537
965,2042,Ec,2345
965,2052,Ec,2066
965,2062,Ec,2537
966,2049,Ct,299
966,2059,Ct,1081
967,2029,Ec,853
967,2039,Ec,772
967,2049,Ec,697
967,2059,Ec,1046
967,2069,Ec,959
968,2021,Ec,1075
968,2031,Ec,994
968,2041,Ec,866
968,2051,Ec,1819
968,2061,Ec,1667
984,2027,Ec,1476
984,2057,Sb,434
984,2067,Sb,675
985,2027,Ec,2588
985,2037,Ec,2015
985,2047,Ec,1889
985,2057,Ec,1686
985,2067,Ec,2015
986,2027,Ec,4385
986,2037,Ec,3411
986,2047,Ec,3196
986,2057,Ec,2852
986,2067,Ec,3411
987,2028,Ec,2776
987,2039,Ec,2162
987,2050,Ec,2024
987,2061,Ec,1803
988,2029,Ec,7594
988,2039,Ec,7121
988,2049,Ec,6361
988,2059,Ec,7594
988,2069,Ec,7121
989,2028,Ec,423
989,2039,Ec,703
989,2050,Ec,624
989,2061,Ec,532
990,2028,Ec,658
990,2039,Ec,590
990,2050,Ec,848
990,2061,Ec,780
991,2028,Ec,224
991,2039,Ec,200
991,2050,Ec,373
991,2061,Ec,331
992,2027,Ec,859
992,2037,Ec,651
992,2047,Ec,585
992,2057,Ec,507
992,2067,Ec,651
993,2027,Ec,1661
993,2037,Ec,2007
993,2047,Ec,1844
993,2057,Ec,1618
993,2067,Ec,2007
995,2027,Ec,1796
995,2037,Ec,1617
995,2047,Ec,2332
995,2057,Ec,2142
995,2067,Ec,1877
996,2028,Ec,731
996,2039,Ec,645
996,2050,Ec,924
996,2061,Ec,834
997,2027,Ec,939
997,2037,Ec,1134
997,2047,Ec,1043
997,2057,Ec,915
997,2067,Ec,1134
998,2027,Ec,1925
998,2037,Ec,1733
998,2047,Ec,2504
998,2057,Ec,2296
998,2067,Ec,2012
999,2029,Ec,786
999,2041,Ec,588
999,2053,Ec,533
999,2065,Ec,457
1000,2024,Ec,790
1000,2034,Ec,1138
1000,2044,Ec,3153
1000,2054,Ec,2967
1000,2064,Ec,2666
1001,2027,Ec,1690
1001,2037,Ec,1422
1001,2047,Ec,1311
1001,2057,Ec,1227
1001,2067,Ec,1094
1002,2027,Ec,840
1002,2037,Ec,652
1002,2047,Ec,610
1002,2057,Ec,544
1002,2067,Ec,652
1003,2027,Ec,245
1003,2037,Ec,217
1003,2047,Ec,315
1003,2057,Ec,282
1003,2067,Ec,243
1004,2027,Ec,557
1004,2037,Ec,420
1004,2047,Ec,376
1004,2057,Ec,325
1004,2067,Ec,420
1005,2027,Ec,391
1005,2037,Ec,295
1005,2047,Ec,265
1005,2057,Ec,229
1005,2067,Ec,295
1006,2027,Ec,2016
1006,2037,Ec,1565
1006,2047,Ec,1465
1006,2057,Ec,1306
1006,2067,Ec,1565
1007,2028,Ec,1204
1007,2039,Ec,1451
1007,2050,Ec,1333
1007,2061,Ec,1162
1008,2028,Ec,2458
1008,2039,Ec,2319
1008,2050,Ec,2013
1008,2061,Ec,2155
1009,2021,Ec,275
1009,2033,Ec,530
1009,2045,Ec,888
1009,2057,Ec,797
1009,2069,Ec,680
1010,2029,Ec,932
1010,2039,Ec,873
1010,2049,Ec,779
1010,2059,Ec,932
1010,2069,Ec,873
1011,2027,Ec,2581
1011,2037,Ec,2439
1011,2047,Ec,2121
1011,2057,Ec,2258
1011,2067,Ec,2112
1012,2027,Ec,575
1012,2037,Ec,433
1012,2047,Ec,388
1012,2057,Ec,335
1012,2067,Ec,433
1013,2027,Ec,303
1013,2037,Ec,229
1013,2047,Ec,204
1013,2057,Ec,177
1013,2067,Ec,229
1014,2028,Ec,377
1014,2039,Ec,335
1014,2050,Ec,299
1014,2061,Ec,483
1015,2024,Ec,46
1015,2034,Ec,111
1015,2044,Ec,100
1015,2054,Ec,195
1015,2064,Ec,173
1016,2051,Pb,372
1018,2022,Ec,215
1018,2033,Ec,294
1018,2044,Ec,501
1018,2055,Ec,443
1018,2066,Ec,376
1019,2021,Ec,854
1019,2031,Ec,742
1019,2041,Ec,1126
1019,2051,Ec,1023
1019,2061,Ec,891
1020,2027,Ec,240
1020,2037,Ec,407
1020,2047,Ec,356
1020,2057,Ec,305
1020,2067,Ec,407
1021,2020,Ec,269
1021,2030,Ec,368
1021,2040,Ec,636
1021,2050,Ec,558
1021,2060,Ec,478
1022,2020,Ec,255
1022,2030,Ec,356
1022,2040,Ec,1140
1022,2050,Ec,1028
1022,2060,Ec,892
1023,2020,Ec,340
1023,2030,Ec,464
1023,2040,Ec,801
1023,2050,Ec,703
1023,2060,Ec,603
1024,2020,Ec,149
1024,2030,Ec,204
1024,2040,Ec,352
1024,2050,Ec,309
1024,2060,Ec,265
1025,2021,Ec,474
1025,2033,Ec,1498
1025,2045,Ec,1352
1025,2057,Ec,1157
1025,2069,Ec,1498
1026,2020,Ec,157
1026,2030,Ec,215
1026,2040,Ec,371
1026,2050,Ec,326
1026,2060,Ec,279
1027,2021,Ec,189
1027,2032,Ec,260
1027,2043,Ec,436
1027,2054,Ec,386
1027,2065,Ec,328
1028,2021,Ec,695
1028,2031,Ec,857
1028,2041,Ec,1090
1028,2051,Ec,1011
1028,2061,Ec,893
1029,2022,Ec,1205
1029,2034,Ec,1672
1029,2046,Ec,2110
1029,2058,Ec,1957
1030,2021,Ec,941
1030,2033,Ec,2723
1030,2045,Ec,2552
1030,2057,Ec,2284
1030,2069,Ec,2723
1057,2027,Ec,274
1057,2037,Ec,246
1057,2047,Ec,461
1057,2057,Ec,405
1057,2067,Ec,348
1058,2029,Ec,1515
1058,2039,Ec,1434
1058,2049,Ec,1250
1058,2059,Ec,1328
1058,2069,Ec,1245
1059,2027,Ec,336
1059,2037,Ec,301
1059,2047,Ec,564
1059,2057,Ec,496
1059,2067,Ec,426
1060,2027,Ec,272
1060,2037,Ec,243
1060,2047,Ec,457
1060,2057,Ec,401
1060,2067,Ec,345
1061,2023,Ec,624
1061,2033,Ec,640
1061,2043,Ec,918
1061,2053,Ec,854
1061,2063,Ec,756
1062,2028,Ec,1485
1062,2039,Ec,1114
1062,2050,Ec,1006
1062,2061,Ec,867
1063,2027,Ec,1801
1063,2037,Ec,1361
1063,2047,Ec,1221
1063,2057,Ec,1057
1063,2067,Ec,1361
1064,2027,Ec,1779
1064,2037,Ec,1344
1064,2047,Ec,1206
1064,2057,Ec,1045
1064,2067,Ec,1344
1065,2027,Ec,193
1065,2037,Ec,324
1065,2047,Ec,286
1065,2057,Ec,245
1065,2067,Ec,324
1066,2052,Pb,373
1067,2029,Ec,1335
1067,2039,Ec,1225
1067,2049,Ec,1072
1067,2059,Ec,1335
1067,2069,Ec,1225
1068,2029,Ec,249
1068,2039,Ec,218
1068,2049,Ec,186
1068,2059,Ec,249
1068,2069,Ec,218
1069,2027,Ec,870
1069,2037,Ec,1056
1069,2047,Ec,968
1069,2057,Ec,848
1069,2067,Ec,1056
1070,2025,Ec,91
1070,2035,Ec,166
1070,2045,Ec,150
1070,2055,Ec,347
1070,2065,Ec,320
1071,2031,Ec,1531
1071,2043,Ec,1407
1071,2055,Ec,1224
1071,2067,Ec,1531
1072,2031,Ec,880
1072,2043,Ec,809
1072,2055,Ec,704
1072,2067,Ec,880
1073,2025,Ec,120
1073,2035,Ec,218
1073,2045,Ec,197
1073,2055,Ec,456
1073,2065,Ec,421
1074,2031,Ec,1041
1074,2043,Ec,962
1074,2055,Ec,841
1074,2067,Ec,1041
1075,2029,Ec,568
1075,2039,Ec,514
1075,2049,Ec,447
1075,2059,Ec,568
1075,2069,Ec,514
1076,2029,Ec,625
1076,2039,Ec,576
1076,2049,Ec,506
1076,2059,Ec,625
1076,2069,Ec,576
1077,2021,Ec,242
1077,2031,Ec,220
1077,2041,Ec,386
1077,2051,Ec,343
1077,2061,Ec,296
1078,2029,Ec,1600
1078,2039,Ec,1478
1078,2049,Ec,1301
1078,2059,Ec,1600
1078,2069,Ec,1478
1079,2026,Ec,827
1079,2036,Ec,1219
1079,2046,Ec,1098
1079,2056,Ec,1664
1079,2066,Ec,1518
1080,2026,Ec,71
1080,2036,Ec,133
1080,2046,Ec,121
1080,2056,Ec,226
1080,2066,Ec,206
1081,2026,Ec,322
1081,2036,Ec,477
1081,2046,Ec,429
1081,2056,Ec,650
1081,2066,Ec,593
1082,2021,Ec,566
1082,2031,Ec,498
1082,2041,Ec,753
1082,2051,Ec,685
1082,2061,Ec,597
1083,2026,Ec,772
1083,2036,Ec,1448
1083,2046,Ec,1255
1083,2056,Ec,1329
1083,2066,Ec,1243
1084,2024,Ec,2964
1084,2054,Sb,577
1084,2064,Sb,897
1085,2025,Ec,910
1085,2035,Ec,1601
1085,2045,Ec,2587
1085,2055,Ec,2383
1085,2065,Ec,2094
1086,2026,Ec,344
1086,2036,Ec,512
1086,2046,Ec,461
1086,2056,Ec,696
1086,2066,Ec,636
1087,2029,Ec,479
1087,2039,Ec,426
1087,2049,Ec,383
1087,2059,Ec,611
1087,2069,Ec,549
1088,2026,Ec,137
1088,2036,Ec,124
1088,2046,Ec,107
1088,2056,Ec,261
1088,2066,Ec,234
1089,2026,Ec,251
1089,2036,Ec,374
1089,2046,Ec,337
1089,2056,Ec,509
1089,2066,Ec,465
1091,2021,Ec,314
1091,2031,Ec,274
1091,2041,Ec,416
1091,2051,Ec,378
1091,2061,Ec,329
1092,2022,Ec,1089
1092,2034,Ec,1309
1092,2046,Ec,1741
1092,2058,Ec,1596
1093,2025,Ec,178
1093,2035,Ec,319
1093,2045,Ec,287
1093,2055,Ec,672
1093,2065,Ec,619
1094,2021,Ec,615
1094,2031,Ec,537
1094,2041,Ec,813
1094,2051,Ec,739
1094,2061,Ec,644
1095,2025,Ec,919
1095,2035,Ec,1343
1095,2045,Ec,1253
1095,2055,Ec,1113
1095,2065,Ec,1343
1096,2025,Ec,1909
1096,2035,Ec,4146
1096,2045,Ec,3837
1096,2055,Ec,3383
1096,2065,Ec,4146
1097,2022,Ec,493
1097,2034,Ec,502
1097,2046,Ec,750
1097,2058,Ec,685
1099,2026,Ec,366
1099,2036,Ec,502
1099,2046,Ec,869
1099,2056,Ec,779
1099,2066,Ec,673
1100,2021,Ec,661
1100,2031,Ec,845
1100,2041,Ec,1069
1100,2051,Ec,995
1100,2061,Ec,881
1101,2025,Ec,343
1101,2035,Ec,473
1101,2045,Ec,812
1101,2055,Ec,725
1101,2065,Ec,626
1102,2020,Ec,382
1102,2030,Ec,439
1102,2040,Ec,388
1102,2050,Ec,333
1102,2060,Ec,439
1103,2020,Ec,293
1103,2030,Ec,400
1103,2040,Ec,691
1103,2050,Ec,606
1103,2060,Ec,519
1104,2025,Ec,195
1104,2035,Ec,745
1104,2045,Ec,665
1104,2055,Ec,574
1104,2065,Ec,745
1105,2025,Ec,530
1105,2035,Ec,884
1105,2045,Ec,808
1105,2055,Ec,1438
1105,2065,Ec,1322
1109,2025,Ec,287
1109,2035,Ec,368
1109,2045,Ec,523
1109,2055,Ec,481
1109,2065,Ec,422
1112,2024,Ec,2186
1112,2034,Ec,2014
1112,2044,Ec,1769
1112,2054,Ec,2186
1112,2064,Ec,2014
1113,2028,Ec,1484
1113,2040,Ec,2052
1113,2052,Ec,1832
1113,2064,Ec,2801
1118,2021,Ec,494
1118,2031,Ec,505
1118,2041,Ec,683
1118,2051,Ec,622
1118,2061,Ec,543
1119,2026,Ec,327
1119,2038,Ec,423
1119,2050,Ec,716
1119,2062,Ec,654
1120,2025,Ec,1176
1120,2036,Ec,1344
1120,2047,Ec,1722
1120,2058,Ec,1611
1120,2069,Ec,1434
1121,2027,Ec,3484
1121,2038,Ec,6147
1121,2049,Ec,5299
1121,2060,Ec,5663
1122,2023,Ec,1058
1122,2033,Ec,1533
1122,2043,Ec,1422
1122,2053,Ec,1257
1122,2063,Ec,1533
1123,2026,Ec,456
1123,2036,Ec,1525
1123,2046,Ec,1394
1123,2056,Ec,1217
1123,2066,Ec,1525
1124,2025,Ec,677
1124,2035,Ec,613
1124,2045,Ec,529
1124,2055,Ec,1269
1124,2065,Ec,1138
1125,2026,Ec,1465
1125,2036,Ec,2753
1125,2046,Ec,2388
1125,2056,Ec,2529
1125,2066,Ec,2365
1126,2026,Ec,644
1126,2036,Ec,610
1126,2046,Ec,542
1126,2056,Ec,1224
1126,2066,Ec,1146
1127,2021,Ec,80
1127,2031,Ec,380
1127,2041,Ec,309
1127,2051,Ec,332
1127,2061,Ec,294
1128,2027,Ec,1877
1128,2037,Ec,1698
1128,2047,Ec,2592
1128,2057,Ec,2374
1128,2067,Ec,2075
1129,2020,Ec,1699
1129,2030,Ec,1316
1129,2040,Ec,757
1129,2050,Ec,694
1129,2060,Ec,607
1130,2021,Ec,227
1130,2031,Ec,444
1130,2041,Ec,618
1130,2051,Ec,574
1130,2061,Ec,508
1131,2026,Ec,540
1131,2036,Ec,489
1131,2046,Ec,422
1131,2056,Ec,1026
1131,2066,Ec,919
1132,2027,Ec,1508
1132,2038,Ec,1848
1132,2049,Ec,2549
1132,2060,Ec,2370
1133,2026,Ec,194
1133,2036,Ec,175
1133,2046,Ec,151
1133,2056,Ec,369
1133,2066,Ec,330
1134,2026,Ec,49
1134,2036,Ec,44
1134,2046,Ec,38
1134,2056,Ec,94
1134,2066,Ec,84
1135,2026,Ec,232
1135,2036,Ec,425
1135,2046,Ec,386
1135,2056,Ec,726
1135,2066,Ec,661
1136,2029,Ec,952
1136,2039,Ec,829
1136,2049,Ec,709
1136,2059,Ec,952
1136,2069,Ec,829
1137,2026,Ec,331
1137,2036,Ec,614
1137,2046,Ec,558
1137,2056,Ec,1041
1137,2066,Ec,949
1138,2026,Ec,236
1138,2036,Ec,438
1138,2046,Ec,399
1138,2056,Ec,745
1138,2066,Ec,679
1139,2020,Ec,253
1139,2030,Ec,624
1139,2040,Ec,545
1139,2050,Ec,467
1139,2060,Ec,624
1140,2026,Ec,287
1140,2036,Ec,532
1140,2046,Ec,484
1140,2056,Ec,904
1140,2066,Ec,824
1141,2026,Ec,1070
1141,2036,Ec,1712
1141,2046,Ec,1579
1141,2056,Ec,2672
1141,2066,Ec,2486
1142,2028,Ec,2908
1142,2058,Sb,734
1142,2068,Sb,1141
1143,2027,Ec,910
1143,2038,Ec,1311
1143,2049,Ec,1176
1143,2060,Ec,1783
1144,2026,Ec,277
1144,2036,Ec,407
1144,2046,Ec,367
1144,2056,Ec,557
1144,2066,Ec,507
1145,2025,Ec,181
1145,2035,Ec,163
1145,2045,Ec,140
1145,2055,Ec,339
1145,2065,Ec,303
1146,2025,Ec,147
1146,2035,Ec,234
1146,2045,Ec,209
1146,2055,Ec,331
1146,2065,Ec,295
1147,2021,Ec,198
1147,2031,Ec,169
1147,2041,Ec,153
1147,2051,Ec,258
1147,2061,Ec,234
1148,2021,Ec,552
1148,2031,Ec,738
1148,2041,Ec,671
1148,2051,Ec,971
1148,2061,Ec,900
1149,2025,Ec,586
1149,2035,Ec,541
1149,2045,Ec,471
1149,2055,Ec,1098
1149,2065,Ec,1004
1150,2026,Ec,451
1150,2037,Ec,739
1150,2048,Ec,1211
1150,2059,Ec,1112
1151,2025,Ec,602
1151,2035,Ec,953
1151,2045,Ec,850
1151,2055,Ec,1347
1151,2065,Ec,1200
1152,2026,Ec,229
1152,2037,Ec,351
1152,2048,Ec,312
1152,2059,Ec,494
1153,2025,Ec,223
1153,2035,Ec,201
1153,2045,Ec,171
1153,2055,Ec,419
1153,2065,Ec,372
1154,2025,Ec,620
1154,2035,Ec,995
1154,2045,Ec,908
1154,2055,Ec,1644
1154,2065,Ec,1504
1155,2021,Ec,2209
1155,2031,Ec,2788
1155,2041,Ec,3533
1155,2051,Ec,3284
1155,2061,Ec,2904
1156,2026,Ec,1604
1156,2037,Ec,2041
1156,2048,Ec,2877
1156,2059,Ec,2656
1157,2030,Ec,2942
1157,2041,Ec,2674
1157,2052,Ec,2312
1157,2063,Ec,2942
1158,2021,Ec,1856
1158,2031,Ec,2369
1158,2041,Ec,2994
1158,2051,Ec,2786
1158,2061,Ec,2466
1159,2024,Ec,3029
1159,2034,Ec,4458
1159,2044,Ec,4177
1159,2054,Ec,3729
1159,2064,Ec,4458
1160,2026,Ec,945
1160,2036,Ec,2037
1160,2046,Ec,1863
1160,2056,Ec,1630
1160,2066,Ec,2037
1161,2023,Ec,2534
1161,2033,Ec,2638
1161,2043,Ec,3772
1161,2053,Ec,3510
1161,2063,Ec,3111
1162,2029,Ec,3050
1162,2039,Ec,2837
1162,2049,Ec,2511
1162,2059,Ec,3050
1162,2069,Ec,2837
1163,2027,Ec,1288
1163,2037,Ec,1887
1163,2047,Ec,1749
1163,2057,Ec,1544
1163,2067,Ec,1887
1164,2027,Ec,5659
1164,2037,Ec,4766
1164,2047,Ec,4394
1164,2057,Ec,4112
1164,2067,Ec,3667
1165,2044,Pb,604
1165,2054,Pb,4388
1166,2020,Ec,542
1166,2030,Ec,1986
1166,2040,Ec,1794
1166,2050,Ec,1556
1166,2060,Ec,1986
1167,2027,Ec,882
1167,2037,Ec,785
1167,2047,Ec,704
1167,2057,Ec,1125
1167,2067,Ec,1010
1168,2027,Ec,664
1168,2037,Ec,805
1168,2047,Ec,739
1168,2057,Ec,647
1168,2067,Ec,805
1169,2028,Ec,2755
1169,2039,Ec,3320
1169,2050,Ec,3050
1169,2061,Ec,2659
1170,2044,Pb,786
1170,2054,Pb,5545
1173,2028,Ec,3285
1173,2039,Ec,2554
1173,2050,Ec,2390
1173,2061,Ec,2127
1174,2029,Ec,1340
1174,2041,Ec,2209
1174,2053,Ec,1970
1174,2065,Ec,1675
1175,2029,Ec,1366
1175,2041,Ec,1213
1175,2053,Ec,2263
1175,2065,Ec,2015
1176,2027,Ec,2089
1176,2037,Ec,1881
1176,2047,Ec,2726
1176,2057,Ec,2497
1176,2067,Ec,2185
1177,2020,Ec,699
1177,2030,Ec,513
1177,2040,Ec,1421
1177,2050,Ec,1275
1177,2060,Ec,1104
1178,2027,Ec,1138
1178,2037,Ec,1025
1178,2047,Ec,1480
1178,2057,Ec,1359
1178,2067,Ec,1190
1179,2027,Ec,1191
1179,2037,Ec,1072
1179,2047,Ec,1550
1179,2057,Ec,1421
1179,2067,Ec,1245
1182,2026,Ec,449
1182,2036,Ec,947
1182,2046,Ec,862
1182,2056,Ec,751
1182,2066,Ec,947
1183,2027,Ec,7298
1183,2037,Ec,6140
1183,2047,Ec,5658
1183,2057,Ec,5293
1183,2067,Ec,4716
1184,2020,Ec,751
1184,2030,Ec,1153
1184,2040,Ec,1058
1184,2050,Ec,924
1184,2060,Ec,1153
1185,2029,Ec,2616
1185,2039,Ec,2409
1185,2049,Ec,2118
1185,2059,Ec,2616
1185,2069,Ec,2409
1186,2028,Ec,890
1186,2040,Ec,817
1186,2052,Ec,697
1186,2064,Ec,1686
1189,2025,Ec,830
1189,2035,Ec,1813
1189,2045,Ec,1550
1189,2055,Ec,1646
1189,2065,Ec,1524
1190,2031,Ec,1726
1190,2043,Ec,1566
1190,2055,Ec,1449
1190,2067,Ec,2352
1191,2025,Ec,424
1191,2035,Ec,766
1191,2045,Ec,692
1191,2055,Ec,1605
1191,2065,Ec,1480
1192,2026,Ec,365
1192,2036,Ec,558
1192,2046,Ec,515
1192,2056,Ec,825
1192,2066,Ec,769
1193,2021,Ec,290
1193,2031,Ec,255
1193,2041,Ec,386
1193,2051,Ec,351
1193,2061,Ec,306
1194,2029,Ec,1233
1194,2039,Ec,1145
1194,2049,Ec,1012
1194,2059,Ec,1233
1194,2069,Ec,1145
1195,2024,Ec,3121
1195,2034,Ec,4499
1195,2044,Ec,4208
1195,2054,Ec,3747
1195,2064,Ec,4499
1196,2027,Ec,1810
1196,2037,Ec,2664
1196,2047,Ec,2465
1196,2057,Ec,2173
1196,2067,Ec,2664
1197,2021,Ec,175
1197,2031,Ec,239
1197,2041,Ec,217
1197,2051,Ec,313
1197,2061,Ec,290
1199,2028,Ec,906
1199,2040,Ec,1268
1199,2052,Ec,1133
1199,2064,Ec,1723
1200,2026,Ec,1119
1200,2036,Ec,1648
1200,2046,Ec,1484
1200,2056,Ec,2253
1200,2066,Ec,2053
1201,2027,Ec,1905
1201,2038,Ec,2718
1201,2049,Ec,2437
1201,2060,Ec,3706
1202,2027,Ec,1222
1202,2038,Ec,2178
1202,2049,Ec,1978
1202,2060,Ec,3692
1203,2027,Ec,1751
1203,2039,Ec,2862
1203,2051,Ec,4625
1203,2063,Ec,4255
1204,2025,Ec,748
1204,2035,Ec,1193
1204,2045,Ec,1062
1204,2055,Ec,1681
1204,2065,Ec,1502
1212,2025,Ec,602
1212,2035,Ec,953
1212,2045,Ec,850
1212,2055,Ec,1348
1212,2065,Ec,1201
1213,2027,Ec,457
1213,2039,Ec,849
1213,2051,Ec,759
1213,2063,Ec,1505
1215,2025,Ec,228
1215,2035,Ec,476
1215,2045,Ec,429
1215,2055,Ec,838
1215,2065,Ec,752
1216,2021,Ec,379
1216,2031,Ec,347
1216,2041,Ec,315
1216,2051,Ec,627
1216,2061,Ec,574
1218,2025,Ec,1477
1218,2035,Ec,2482
1218,2045,Ec,2271
1218,2055,Ec,4022
1218,2065,Ec,3703
1219,2026,Ec,1047
1219,2036,Ec,1632
1219,2046,Ec,1507
1219,2056,Ec,2391
1219,2066,Ec,2234
1221,2025,Ec,1742
1221,2035,Ec,2826
1221,2045,Ec,2635
1221,2055,Ec,2338
1221,2065,Ec,2826
1222,2025,Ec,398
1222,2035,Ec,548
1222,2045,Ec,935
1222,2055,Ec,840
1222,2065,Ec,726
1223,2026,Ec,1041
1223,2037,Ec,950
1223,2048,Ec,815
1223,2059,Ec,1952
1224,2025,Ec,831
1224,2035,Ec,1146
1224,2045,Ec,1953
1224,2055,Ec,1755
1224,2065,Ec,1518
1225,2025,Ec,1007
1225,2035,Ec,1498
1225,2045,Ec,1400
1225,2055,Ec,1246
1225,2065,Ec,1498
1226,2025,Ec,2313
1226,2035,Ec,3765
1226,2045,Ec,3512
1226,2055,Ec,3120
1226,2065,Ec,3765
1227,2031,Ec,3257
1227,2043,Ec,3015
1227,2055,Ec,2649
1227,2067,Ec,3257
1228,2027,Ec,1559
1228,2037,Ec,1403
1228,2047,Ec,2038
1228,2057,Ec,1867
1228,2067,Ec,1632
1229,2027,Ec,576
1229,2037,Ec,701
1229,2047,Ec,642
1229,2057,Ec,561
1229,2067,Ec,701
1230,2028,Ec,1213
1230,2039,Ec,2026
1230,2050,Ec,1795
1230,2061,Ec,1532
1232,2027,Ec,4284
1232,2037,Ec,3327
1232,2047,Ec,3114
1232,2057,Ec,2777
1232,2067,Ec,3327
1233,2028,Ec,1776
1233,2039,Ec,1331
1233,2050,Ec,1200
1233,2061,Ec,1032
1234,2027,Ec,7299
1234,2037,Ec,5671
1234,2047,Ec,5308
1234,2057,Ec,4735
1234,2067,Ec,5671
1235,2028,Ec,2749
1235,2058,Ct,974
1235,2068,Ct,3517
1236,2027,Ec,2895
1236,2037,Ec,3523
1236,2047,Ec,3224
1236,2057,Ec,2820
1236,2067,Ec,3523
1237,2030,Ec,4809
1237,2041,Ec,4432
1237,2052,Ec,3876
1237,2063,Ec,4809
1238,2027,Ec,83
1238,2037,Ec,62
1238,2047,Ec,56
1238,2057,Ec,48
1238,2067,Ec,62
1239,2029,Ec,2133
1239,2039,Ec,1965
1239,2049,Ec,1727
1239,2059,Ec,2133
1239,2069,Ec,1965
1240,2029,Ec,1184
1240,2039,Ec,1057
1240,2049,Ec,939
1240,2059,Ec,1392
1240,2069,Ec,1249
1242,2027,Ec,1197
1242,2037,Ec,1061
1242,2047,Ec,1534
1242,2057,Ec,1374
1242,2067,Ec,1188
1243,2027,Ec,3056
1243,2037,Ec,2303
1243,2047,Ec,2060
1243,2057,Ec,1781
1243,2067,Ec,2303
1244,2026,Ec,3547
1244,2037,Ec,5666
1244,2048,Ec,5279
1244,2059,Ec,4670
1245,2054,Pb,2154
1250,2041,Pb,190
1250,2051,Pb,2276
1251,2026,Ec,2018
1251,2036,Ec,3230
1251,2046,Ec,2978
1251,2056,Ec,5042
1251,2066,Ec,4690
1252,2044,Pb,364
1252,2054,Pb,2485
1253,2020,Ec,1108
1253,2031,Ec,2853
1253,2042,Ec,2565
1253,2053,Ec,2207
1253,2064,Ec,2853
1254,2026,Ec,702
1254,2036,Ec,635
1254,2046,Ec,546
1254,2056,Ec,1335
1254,2066,Ec,1193
1255,2029,Ec,1137
1255,2039,Ec,999
1255,2049,Ec,858
1255,2059,Ec,1137
1255,2069,Ec,999
1256,2020,Ec,282
1256,2030,Ec,393
1256,2040,Ec,1259
1256,2050,Ec,1136
1256,2060,Ec,985
1258,2026,Ec,533
1258,2036,Ec,768
1258,2046,Ec,691
1258,2056,Ec,1056
1258,2066,Ec,960
1259,2027,Ec,801
1259,2038,Ec,1129
1259,2049,Ec,1012
1259,2060,Ec,1546
1264,2022,Ec,1759
1264,2034,Ec,1748
1264,2046,Ec,2631
1264,2058,Ec,2398
1265,2021,Ec,707
1265,2032,Ec,1905
1265,2043,Ec,1710
1265,2054,Ec,1466
1265,2065,Ec,1905
1266,2021,Ec,362
1266,2032,Ec,976
1266,2043,Ec,876
1266,2054,Ec,751
1266,2065,Ec,976
1267,2028,Ec,1406
1267,2039,Ec,1054
1267,2050,Ec,951
1267,2061,Ec,818
1268,2028,Ec,1254
1268,2039,Ec,940
1268,2050,Ec,847
1268,2061,Ec,729
1269,2021,Ec,787
1269,2033,Ec,1375
1269,2045,Ec,1268
1269,2057,Ec,1107
1269,2069,Ec,1375
1270,2040,Pb,548
1270,2050,Pb,3658
1271,2025,Ec,452
1271,2035,Ec,770
1271,2045,Ec,705
1271,2055,Ec,1243
1271,2065,Ec,1145
1282,2027,Ec,3833
1282,2037,Ec,3225
1282,2047,Ec,2972
1282,2057,Ec,2780
1282,2067,Ec,2477
1287,2025,Ec,180
1287,2035,Ec,326
1287,2045,Ec,294
1287,2055,Ec,684
1287,2065,Ec,630
1288,2028,Ec,729
1288,2039,Ec,1224
1288,2050,Ec,1083
1288,2061,Ec,923
1289,2021,Ec,203
1289,2031,Ec,745
1289,2041,Ec,682
1289,2051,Ec,596
1289,2061,Ec,745
1290,2026,Ec,988
1290,2036,Ec,1224
1290,2046,Ec,1693
1290,2056,Ec,1574
1290,2066,Ec,1395
1291,2024,Ec,1721
1291,2036,Ec,2492
1291,2048,Ec,2298
1291,2060,Ec,2008
1292,2026,Ec,457
1292,2036,Ec,662
1292,2046,Ec,595
1292,2056,Ec,909
1292,2066,Ec,827
1293,2020,Ec,701
1293,2031,Ec,1798
1293,2042,Ec,1623
1293,2053,Ec,1397
1293,2064,Ec,1798
1294,2027,Ec,604
1294,2037,Ec,543
1294,2047,Ec,789
1294,2057,Ec,723
1294,2067,Ec,632
1297,2026,Ec,763
1297,2041,Ct,15
1297,2051,Ct,481
1297,2061,Ct,763
1297,2066,Ct,1287
1303,2028,Ec,1483
1303,2039,Ec,1111
1303,2050,Ec,1002
1303,2061,Ec,862
1304,2021,Ec,2886
1304,2032,Ec,5779
1304,2043,Ec,5387
1304,2054,Ec,4772
1304,2065,Ec,5779
1306,2027,Ec,1108
1306,2037,Ec,862
1306,2047,Ec,808
1306,2057,Ec,721
1306,2067,Ec,862
1314,2027,Ec,109
1314,2037,Ec,97
1314,2047,Ec,185
1314,2057,Ec,162
1314,2067,Ec,138
1315,2021,Ec,377
1315,2031,Ec,411
1315,2041,Ec,542
1315,2051,Ec,479
1315,2061,Ec,412
1318,2054,Pb,257
1319,2027,Ec,648
1319,2037,Ec,574
1319,2047,Ec,828
1319,2057,Ec,743
1319,2067,Ec,643
1320,2027,Ec,569
1320,2037,Ec,663
1320,2047,Ec,609
1320,2057,Ec,534
1320,2067,Ec,663
1321,2029,Ec,213
1321,2039,Ec,187
1321,2049,Ec,160
1321,2059,Ec,213
1321,2069,Ec,187
1322,2027,Ec,106
1322,2037,Ec,94
1322,2047,Ec,136
1322,2057,Ec,122
1322,2067,Ec,106
1323,2027,Ec,1070
1323,2037,Ec,902
1323,2047,Ec,832
1323,2057,Ec,780
1323,2067,Ec,696
1324,2027,Ec,2801
1324,2037,Ec,2362
1324,2047,Ec,2178
1324,2057,Ec,2040
1324,2067,Ec,1820
1326,2027,Ec,64
1326,2037,Ec,58
1326,2047,Ec,54
1326,2057,Ec,88
1326,2067,Ec,82
1328,2025,Ec,74
1328,2035,Ec,136
1328,2045,Ec,123
1328,2055,Ec,283
1328,2065,Ec,261
1329,2027,Ec,283
1329,2037,Ec,214
1329,2047,Ec,193
1329,2057,Ec,167
1329,2067,Ec,214
1330,2028,Ec,689
1330,2039,Ec,580
1330,2050,Ec,537
1330,2061,Ec,503
1331,2027,Ec,216
1331,2037,Ec,163
1331,2047,Ec,147
1331,2057,Ec,127
1331,2067,Ec,163
1333,2028,Ec,739
1333,2039,Ec,888
1333,2050,Ec,817
1333,2061,Ec,713
1335,2040,Pb,1981
1335,2065,Pb,234
1337,2021,Ec,7
1337,2031,Ec,105
1337,2041,Ec,143
1337,2051,Ec,129
1337,2061,Ec,112
1338,2027,Ec,4322
1338,2037,Ec,3647
1338,2047,Ec,3363
1338,2057,Ec,3149
1338,2067,Ec,2811
1339,2025,Ec,626
1339,2035,Ec,863
1339,2045,Ec,1478
1339,2055,Ec,1322
1339,2065,Ec,1144
1340,2027,Ec,499
1340,2037,Ec,420
1340,2047,Ec,387
1340,2057,Ec,362
1340,2067,Ec,323
1341,2028,Ec,283
1341,2039,Ec,253
1341,2050,Ec,474
1341,2061,Ec,420
1343,2025,Ec,259
1343,2035,Ec,358
1343,2045,Ec,612
1343,2055,Ec,548
1343,2065,Ec,474
1344,2025,Ec,90
1344,2035,Ec,124
1344,2045,Ec,213
1344,2055,Ec,190
1344,2065,Ec,165
1351,2040,Pb,22
1351,2050,Pb,250
1353,2026,Ec,131
1353,2037,Ec,231
1353,2048,Ec,209
1353,2059,Ec,479
1354,2021,Ec,405
1354,2031,Ec,361
1354,2041,Ec,545
1354,2051,Ec,497
1354,2061,Ec,433
1355,2021,Ec,663
1355,2031,Ec,591
1355,2041,Ec,891
1355,2051,Ec,812
1355,2061,Ec,708
1357,2021,Ec,930
1357,2031,Ec,817
1357,2041,Ec,1236
1357,2051,Ec,1125
1357,2061,Ec,981
1358,2025,Ec,918
1358,2035,Ec,1338
1358,2045,Ec,1248
1358,2055,Ec,1107
1358,2065,Ec,1338
1359,2021,Ec,955
1359,2032,Ec,1806
1359,2043,Ec,1618
1359,2054,Ec,1388
1359,2065,Ec,1806
1360,2025,Ec,186
1360,2035,Ec,239
1360,2045,Ec,339
1360,2055,Ec,312
1360,2065,Ec,274
1361,2025,Ec,393
1361,2035,Ec,963
1361,2045,Ec,862
1361,2055,Ec,746
1361,2065,Ec,963
1362,2029,Ec,765
1362,2039,Ec,711
1362,2049,Ec,629
1362,2059,Ec,765
1362,2069,Ec,711
1363,2027,Ec,1853
1363,2038,Ec,3324
1363,2049,Ec,2875
1363,2060,Ec,3065
1364,2026,Ec,2105
1364,2036,Ec,3932
1364,2046,Ec,3406
1364,2056,Ec,3611
1364,2066,Ec,3374
1366,2025,Ec,525
1366,2035,Ec,850
1366,2045,Ec,791
1366,2055,Ec,702
1366,2065,Ec,850
1369,2025,Ec,302
1369,2035,Ec,451
1369,2045,Ec,422
1369,2055,Ec,375
1369,2065,Ec,451
1370,2030,Pb,1421
1370,2055,Pb,98
1370,2065,Pb,1100
1371,2025,Ec,79
1371,2035,Ec,198
1371,2045,Ec,178
1371,2055,Ec,154
1371,2065,Ec,198
1412,2029,Ec,846
1412,2039,Ec,790
1412,2049,Ec,702
1412,2059,Ec,846
1412,2069,Ec,790
1413,2029,Ec,236
1413,2039,Ec,218
1413,2049,Ec,191
1413,2059,Ec,236
1413,2069,Ec,218
1414,2026,Ec,790
1414,2037,Ec,1005
1414,2048,Ec,1418
1414,2059,Ec,1307
1415,2025,Ec,52
1415,2035,Ec,95
1415,2045,Ec,86
1415,2055,Ec,199
1415,2065,Ec,184
1416,2029,Ec,333
1416,2039,Ec,310
1416,2049,Ec,274
1416,2059,Ec,333
1416,2069,Ec,310
1420,2037,Pb,21
1420,2062,Pb,9
1436,2025,Ec,240
1436,2035,Ec,314
1436,2045,Ec,443
1436,2055,Ec,409
1436,2065,Ec,359
1437,2021,Ec,56
1437,2031,Ec,72
1437,2041,Ec,64
1437,2051,Ec,158
1437,2061,Ec,140
1439,2030,Pb,374
1439,2045,Pb,17
1439,2055,Pb,83
1439,2065,Pb,561
1440,2020,Ec,23
1440,2030,Ec,32
1440,2040,Ec,105
1440,2050,Ec,95
1440,2060,Ec,82
1441,2054,Pb,2087
1442,2040,Pb,168
1442,2050,Pb,2037
1443,2025,Ec,251
1443,2035,Ec,428
1443,2045,Ec,392
1443,2055,Ec,691
1443,2065,Ec,636
1444,2026,Ec,305
1444,2036,Ec,575
1444,2046,Ec,499
1444,2056,Ec,528
1444,2066,Ec,494
1445,2025,Ec,141
1445,2035,Ec,248
1445,2045,Ec,400
1445,2055,Ec,369
1445,2065,Ec,324
1446,2026,Ec,237
1446,2036,Ec,353
1446,2046,Ec,317
1446,2056,Ec,480
1446,2066,Ec,438
1449,2026,Ec,808
1449,2036,Ec,997
1449,2046,Ec,1381
1449,2056,Ec,1284
1449,2066,Ec,1137
1450,2020,Ec,56
1450,2030,Ec,79
1450,2040,Ec,253
1450,2050,Ec,228
1450,2060,Ec,198
1452,2020,Ec,73
1452,2030,Ec,101
1452,2040,Ec,326
1452,2050,Ec,293
1452,2060,Ec,254
1453,2022,Ec,958
1453,2034,Ec,1327
1453,2046,Ec,1674
1453,2058,Ec,1553
1454,2021,Ec,304
1454,2031,Ec,322
1454,2041,Ec,432
1454,2051,Ec,395
1454,2061,Ec,345
1456,2027,Ec,157
1456,2037,Ec,140
1456,2047,Ec,202
1456,2057,Ec,181
1456,2067,Ec,156
1457,2027,Ec,501
1457,2037,Ec,453
1457,2047,Ec,800
1457,2057,Ec,720
1457,2067,Ec,625
1458,2030,Ec,417
1458,2041,Ec,371
1458,2052,Ec,330
1458,2063,Ec,534
1459,2054,Pb,918
1461,2029,Ec,530
1461,2041,Ec,446
1461,2053,Ec,414
1461,2065,Ec,387
1462,2027,Ec,599
1462,2037,Ec,505
1462,2047,Ec,466
1462,2057,Ec,436
1462,2067,Ec,389
1463,2027,Ec,248
1463,2037,Ec,227
1463,2047,Ec,367
1463,2057,Ec,339
1463,2067,Ec,299
1464,2025,Ec,131
1464,2035,Ec,374
1464,2045,Ec,344
1464,2055,Ec,302
1464,2065,Ec,374
1466,2027,Ec,167
1466,2037,Ec,126
1466,2047,Ec,112
1466,2057,Ec,97
1466,2067,Ec,126
1467,2027,Ec,438
1467,2037,Ec,401
1467,2047,Ec,653
1467,2057,Ec,602
1467,2067,Ec,528
1468,2027,Ec,691
1468,2037,Ec,633
1468,2047,Ec,1024
1468,2057,Ec,946
1468,2067,Ec,832
1469,2029,Ec,253
1469,2041,Ec,369
1469,2053,Ec,341
1469,2065,Ec,298
1470,2027,Ec,251
1470,2037,Ec,222
1470,2047,Ec,321
1470,2057,Ec,288
1470,2067,Ec,249
1473,2020,Ec,160
1473,2030,Ec,223
1473,2040,Ec,718
1473,2050,Ec,646
1473,2060,Ec,560
1474,2021,Ec,199
1474,2032,Ec,552
1474,2043,Ec,511
1474,2054,Ec,448
1474,2065,Ec,552
1476,2021,Ec,176
1476,2031,Ec,211
1476,2041,Ec,281
1476,2051,Ec,258
1476,2061,Ec,227
1479,2027,Ec,342
1479,2037,Ec,308
1479,2047,Ec,448
1479,2057,Ec,410
1479,2067,Ec,358
1480,2021,Ec,261
1480,2032,Ec,366
1480,2043,Ec,1143
1480,2054,Ec,1035
1480,2065,Ec,893
1481,2030,Ec,1172
1481,2041,Ec,1082
1481,2052,Ec,948
1481,2063,Ec,1172
1482,2026,Ec,458
1482,2036,Ec,675
1482,2046,Ec,608
1482,2056,Ec,921
1482,2066,Ec,840
1483,2026,Ec,171
1483,2036,Ec,257
1483,2046,Ec,232
1483,2056,Ec,349
1483,2066,Ec,319
1484,2034,Pb,41
1484,2044,Pb,212
1484,2054,Pb,1381
1484,2069,Pb,42
1485,2026,Ec,284
1485,2036,Ec,355
1485,2046,Ec,490
1485,2056,Ec,457
1485,2066,Ec,405
1486,2029,Ec,1358
1486,2039,Ec,1221
1486,2049,Ec,1117
1486,2059,Ec,1968
1486,2069,Ec,1817
1487,2034,Pb,19
1487,2044,Pb,102
1487,2054,Pb,640
1487,2069,Pb,19
1488,2026,Ec,97
1488,2036,Ec,180
1488,2046,Ec,164
1488,2056,Ec,306
1488,2066,Ec,279
1490,2026,Ec,370
1490,2036,Ec,333
1490,2046,Ec,286
1490,2056,Ec,704
1490,2066,Ec,626
1493,2026,Ec,445
1493,2036,Ec,642
1493,2046,Ec,577
1493,2056,Ec,882
1493,2066,Ec,802
1494,2026,Ec,159
1494,2036,Ec,289
1494,2046,Ec,263
1494,2056,Ec,496
1494,2066,Ec,451
1495,2030,Ec,185
1495,2041,Ec,168
1495,2052,Ec,145
1495,2063,Ec,185
1496,2027,Ec,538
1496,2038,Ec,955
1496,2049,Ec,867
1496,2060,Ec,1621
1497,2026,Ec,462
1497,2036,Ec,669
1497,2046,Ec,602
1497,2056,Ec,919
1497,2066,Ec,836
1504,2029,Ec,224
1504,2039,Ec,205
1504,2049,Ec,180
1504,2059,Ec,224
1504,2069,Ec,205
1506,2029,Ec,278
1506,2039,Ec,251
1506,2049,Ec,217
1506,2059,Ec,278
1506,2069,Ec,251
1508,2044,Pb,132
1508,2054,Pb,938
1509,2025,Ec,661
1509,2035,Ec,854
1509,2045,Ec,1208
1509,2055,Ec,1113
1509,2065,Ec,977
1510,2025,Ec,646
1510,2035,Ec,948
1510,2045,Ec,885
1510,2055,Ec,787
1510,2065,Ec,948
1511,2025,Ec,814
1511,2035,Ec,1049
1511,2045,Ec,1485
1511,2055,Ec,1368
1511,2065,Ec,1202
1512,2025,Ec,40
1512,2035,Ec,88
1512,2045,Ec,157
1512,2055,Ec,141
1512,2065,Ec,122
1513,2025,Ec,334
1513,2035,Ec,829
1513,2045,Ec,745
1513,2055,Ec,645
1513,2065,Ec,829
1514,2025,Ec,87
1514,2035,Ec,141
1514,2045,Ec,131
1514,2055,Ec,116
1514,2065,Ec,141
1515,2027,Ec,210
1515,2037,Ec,194
1515,2047,Ec,170
1515,2057,Ec,210
1515,2067,Ec,194
1518,2026,Ec,136
1518,2037,Ec,124
1518,2048,Ec,107
1518,2059,Ec,256
1519,2022,Ec,90
1519,2034,Ec,85
1519,2046,Ec,74
1519,2058,Ec,302
1520,2025,Ec,137
1520,2035,Ec,239
1520,2045,Ec,388
1520,2055,Ec,357
1520,2065,Ec,313
1521,2025,Ec,33
1521,2035,Ec,45
1521,2045,Ec,79
1521,2055,Ec,70
1521,2065,Ec,60
1522,2025,Ec,56
1522,2035,Ec,67
1522,2045,Ec,61
1522,2055,Ec,96
1522,2065,Ec,88
1523,2026,Ec,110
1523,2036,Ec,133
1523,2046,Ec,186
1523,2056,Ec,173
1523,2066,Ec,152
1525,2021,Ec,422
1525,2031,Ec,360
1525,2041,Ec,547
1525,2051,Ec,497
1525,2061,Ec,432
1526,2026,Ec,170
1526,2036,Ec,205
1526,2046,Ec,287
1526,2056,Ec,266
1526,2066,Ec,234
1527,2024,Ec,971
1527,2035,Ec,1512
1527,2046,Ec,1414
1527,2057,Ec,1258
1527,2068,Ec,1512
1528,2028,Ec,153
1528,2040,Ec,302
1528,2052,Ec,275
1528,2064,Ec,237
1530,2029,Ec,235
1530,2039,Ec,219
1530,2049,Ec,194
1530,2059,Ec,235
1530,2069,Ec,219
1532,2027,Ec,526
1532,2037,Ec,397
1532,2047,Ec,357
1532,2057,Ec,308
1532,2067,Ec,397
1533,2028,Ec,1692
1533,2039,Ec,1518
1533,2050,Ec,2186
1533,2061,Ec,2009
1534,2029,Ec,1304
1534,2039,Ec,1203
1534,2049,Ec,1057
1534,2059,Ec,1304
1534,2069,Ec,1203
1536,2025,Ec,169
1536,2035,Ec,311
1536,2045,Ec,281
1536,2055,Ec,647
1536,2065,Ec,597
1537,2023,Ec,2288
1537,2033,Ec,2727
1537,2043,Ec,3528
1537,2053,Ec,3292
1537,2063,Ec,2923
1593,2029,Ec,245
1593,2039,Ec,221
1593,2049,Ec,192
1593,2059,Ec,245
1593,2069,Ec,221
1594,2054,Pb,68
1595,2020,Ec,110
1595,2030,Ec,153
1595,2040,Ec,493
1595,2050,Ec,444
1595,2060,Ec,385
1596,2020,Ec,51
1596,2030,Ec,70
1596,2040,Ec,121
1596,2050,Ec,106
1596,2060,Ec,91
1597,2020,Ec,61
1597,2030,Ec,84
1597,2040,Ec,145
1597,2050,Ec,127
1597,2060,Ec,109
1598,2022,Ec,53
1598,2034,Ec,74
1598,2046,Ec,230
1598,2058,Ec,209
1599,2022,Ec,68
1599,2034,Ec,96
1599,2046,Ec,295
1599,2058,Ec,268
1600,2020,Ec,82
1600,2030,Ec,115
1600,2040,Ec,370
1600,2050,Ec,333
1600,2060,Ec,289
1611,2027,Ec,718
1611,2038,Ec,982
1611,2049,Ec,1668
1611,2060,Ec,1507
1612,2028,Ec,501
1612,2040,Ec,932
1612,2052,Ec,843
1612,2064,Ec,722
1613,2027,Ec,1370
1613,2038,Ec,2625
1613,2049,Ec,2397
1613,2060,Ec,2238
1614,2026,Ec,301
1614,2036,Ec,413
1614,2046,Ec,715
1614,2056,Ec,641
1614,2066,Ec,553
1615,2028,Ec,2035
1615,2039,Ec,1789
1615,2050,Ec,2579
1615,2061,Ec,2324
1616,2027,Ec,1906
1616,2037,Ec,1689
1616,2047,Ec,2443
1616,2057,Ec,2190
1616,2067,Ec,1892
1618,2027,Ec,612
1618,2037,Ec,780
1618,2047,Ec,702
1618,2057,Ec,608
1618,2067,Ec,780
1620,2031,Ec,525
1620,2043,Ec,469
1620,2055,Ec,398
1620,2067,Ec,525
1622,2027,Ec,64
1622,2037,Ec,59
1622,2047,Ec,52
1622,2057,Ec,64
1622,2067,Ec,59
1623,2026,Ec,18
1623,2036,Ec,27
1623,2046,Ec,38
1623,2056,Ec,34
1623,2066,Ec,30
807,2026,Ec,1723
807,2036,Ec,2577
807,2046,Ec,2322
807,2056,Ec,3500
807,2066,Ec,3199
812,2022,Ec,840
812,2052,Sb,831
812,2062,Sb,1292
865,2020,Ec,1728
865,2032,Ec,4944
865,2044,Ec,4637
865,2056,Ec,4151
865,2068,Ec,4944
866,2026,Ec,578
866,2036,Ec,1085
866,2046,Ec,941
866,2056,Ec,997
866,2066,Ec,932
969,2021,Pb,493
969,2046,Pb,278
969,2056,Pb,1915
970,2027,Ec,932
970,2037,Ec,1130
970,2047,Ec,1037
970,2057,Ec,908
970,2067,Ec,1130
971,2037,Pb,1473
971,2062,Pb,371
973,2026,Ec,575
973,2036,Ec,857
973,2046,Ec,774
973,2056,Ec,1165
973,2066,Ec,1066
974,2026,Ec,834
974,2036,Ec,1244
974,2046,Ec,1123
974,2056,Ec,1691
974,2066,Ec,1547
975,2022,Ec,242
975,2033,Ec,494
975,2044,Ec,442
975,2055,Ec,379
975,2066,Ec,494
976,2021,Ec,383
976,2031,Ec,814
976,2041,Ec,723
976,2051,Ec,623
976,2061,Ec,814
977,2021,Ec,51
977,2031,Ec,111
977,2041,Ec,98
977,2051,Ec,85
977,2061,Ec,111
978,2021,Ec,549
978,2031,Ec,888
978,2041,Ec,1192
978,2051,Ec,1061
978,2061,Ec,915
979,2028,Pb,188
979,2043,Pb,1683
980,2021,Ec,490
980,2032,Ec,1385
980,2043,Ec,1250
980,2054,Ec,1076
980,2065,Ec,1385
981,2020,Ec,678
981,2031,Ec,2004
981,2042,Ec,1884
981,2053,Ec,1689
981,2064,Ec,2004
982,2021,Ec,789
982,2031,Ec,703
982,2041,Ec,1060
982,2051,Ec,965
982,2061,Ec,842
1031,2023,Ec,686
1031,2033,Ec,1002
1031,2043,Ec,931
1031,2053,Ec,824
1031,2063,Ec,1002
1032,2023,Ec,2525
1032,2033,Ec,4019
1032,2043,Ec,3764
1032,2053,Ec,3358
1032,2063,Ec,4019
1033,2021,Ec,528
1033,2031,Ec,743
1033,2041,Ec,935
1033,2051,Ec,871
1033,2061,Ec,773
1034,2027,Ec,1073
1034,2037,Ec,810
1034,2047,Ec,727
1034,2057,Ec,629
1034,2067,Ec,810
1035,2026,Ec,482
1035,2036,Ec,715
1035,2046,Ec,644
1035,2056,Ec,974
1035,2066,Ec,889
1036,2021,Ec,903
1036,2031,Ec,1113
1036,2041,Ec,1416
1036,2051,Ec,1314
1036,2061,Ec,1161
1037,2021,Ec,260
1037,2031,Ec,848
1037,2041,Ec,754
1037,2051,Ec,650
1037,2061,Ec,848
1038,2020,Ec,1237
1038,2032,Ec,1785
1038,2044,Ec,4542
1038,2056,Ec,4260
1038,2068,Ec,3813
1039,2029,Ec,781
1039,2041,Ec,699
1039,2053,Ec,1003
1039,2065,Ec,922
1040,2021,Ec,690
1040,2031,Ec,851
1040,2041,Ec,1083
1040,2051,Ec,1004
1040,2061,Ec,887
1041,2027,Ec,1309
1041,2038,Ec,2329
1041,2049,Ec,2012
1041,2060,Ec,2147
1042,2020,Ec,171
1042,2030,Ec,238
1042,2040,Ec,763
1042,2050,Ec,689
1042,2060,Ec,599
1043,2021,Ec,213
1043,2051,Sb,134
1043,2061,Sb,209
1044,2020,Ec,199
1044,2031,Ec,514
1044,2042,Ec,462
1044,2053,Ec,397
1044,2064,Ec,514
1045,2020,Ec,103
1045,2030,Ec,144
1045,2040,Ec,462
1045,2050,Ec,417
1045,2060,Ec,362
1046,2021,Ec,424
1046,2033,Ec,1065
1046,2045,Ec,963
1046,2057,Ec,824
1046,2069,Ec,1065
1047,2020,Ec,437
1047,2030,Ec,610
1047,2040,Ec,1949
1047,2050,Ec,1759
1047,2060,Ec,1529
1048,2020,Ec,572
1048,2031,Ec,1693
1048,2042,Ec,1590
1048,2053,Ec,1425
1048,2064,Ec,1693
1049,2021,Ec,281
1049,2033,Ec,706
1049,2045,Ec,639
1049,2057,Ec,547
1049,2069,Ec,706
1050,2020,Ec,607
1050,2031,Ec,877
1050,2042,Ec,2282
1050,2053,Ec,2145
1050,2064,Ec,1925
1051,2025,Ec,478
1051,2036,Ec,638
1051,2047,Ec,1077
1051,2058,Ec,984
1051,2069,Ec,853
1052,2020,Ec,405
1052,2031,Ec,1038
1052,2042,Ec,937
1052,2053,Ec,807
1052,2064,Ec,1038
1053,2024,Ec,226
1053,2034,Ec,306
1053,2044,Ec,520
1053,2054,Ec,473
1053,2064,Ec,412
1054,2024,Ec,450
1054,2034,Ec,656
1054,2044,Ec,948
1054,2054,Ec,847
1054,2064,Ec,732
1055,2021,Ec,229
1055,2032,Ec,647
1055,2043,Ec,584
1055,2054,Ec,503
1055,2065,Ec,647
1056,2021,Ec,510
1056,2032,Ec,1410
1056,2043,Ec,1268
1056,2054,Ec,1090
1056,2065,Ec,1410
1106,2027,Ec,1850
1106,2037,Ec,1430
1106,2047,Ec,1336
1106,2057,Ec,1189
1106,2067,Ec,1430
1107,2027,Ec,2686
1107,2037,Ec,2077
1107,2047,Ec,1941
1107,2057,Ec,1727
1107,2067,Ec,2077
1108,2022,Ec,711
1108,2034,Ec,960
1108,2046,Ec,1216
1108,2058,Ec,1126
1110,2027,Ec,177
1110,2039,Ec,394
1110,2051,Ec,355
1110,2063,Ec,303
1111,2021,Pb,445
1111,2046,Pb,129
1111,2056,Pb,1471
1117,2029,Ec,1232
1117,2041,Ec,1476
1117,2053,Ec,1355
1117,2065,Ec,1177
1198,2021,Ec,966
1198,2031,Ec,1201
1198,2041,Ec,1526
1198,2051,Ec,1417
1198,2061,Ec,1252
1207,2054,Pb,804
1208,2025,Ec,812
1208,2035,Ec,1371
1208,2045,Ec,1253
1208,2055,Ec,2218
1208,2065,Ec,2043
1209,2024,Ec,78
1209,2054,Sb,115
1209,2064,Sb,179
1210,2020,Ec,1230
1210,2032,Ec,1775
1210,2044,Ec,4516
1210,2056,Ec,4236
1210,2068,Ec,3792
1211,2021,Ec,523
1211,2031,Ec,857
1211,2041,Ec,797
1211,2051,Ec,705
1211,2061,Ec,857
1257,2028,Ec,3297
1257,2039,Ec,4824
1257,2050,Ec,4465
1257,2061,Ec,3922
1262,2021,Ec,1040
1262,2031,Ec,1271
1262,2041,Ec,1859
1262,2051,Ec,1692
1262,2061,Ec,1473
1263,2027,Ec,808
1263,2057,Sb,431
1263,2067,Sb,671
1272,2021,Ec,38
1272,2051,Sb,205
1272,2061,Sb,319
1273,2021,Ec,212
1273,2031,Ec,881
1273,2041,Ec,811
1273,2051,Ec,712
1273,2061,Ec,881
1274,2022,Ec,718
1274,2034,Ec,742
1274,2046,Ec,1105
1274,2058,Ec,1011
1275,2021,Ec,491
1275,2031,Ec,443
1275,2041,Ec,665
1275,2051,Ec,607
1275,2061,Ec,530
1276,2025,Ec,748
1276,2035,Ec,958
1276,2045,Ec,1359
1276,2055,Ec,1251
1276,2065,Ec,1098
1277,2025,Ec,238
1277,2035,Ec,306
1277,2045,Ec,434
1277,2055,Ec,399
1277,2065,Ec,350
1278,2054,Pb,725
1279,2026,Ec,252
1279,2037,Ec,593
1279,2048,Ec,536
1279,2059,Ec,461
1280,2025,Ec,194
1280,2035,Ec,474
1280,2045,Ec,425
1280,2055,Ec,367
1280,2065,Ec,474
1281,2021,Ec,541
1281,2031,Ec,667
1281,2041,Ec,849
1281,2051,Ec,788
1281,2061,Ec,696
1295,2023,Ec,1237
1295,2033,Ec,1970
1295,2043,Ec,1844
1295,2053,Ec,1645
1295,2063,Ec,1970
1296,2023,Ec,982
1296,2033,Ec,1565
1296,2043,Ec,1464
1296,2053,Ec,1306
1296,2063,Ec,1565
1376,2021,Ec,230
1376,2031,Ec,378
1376,2041,Ec,351
1376,2051,Ec,311
1376,2061,Ec,378
1377,2025,Ec,109
1377,2035,Ec,99
1377,2045,Ec,85
1377,2055,Ec,205
1377,2065,Ec,184
1378,2029,Ec,163
1378,2039,Ec,148
1378,2049,Ec,128
1378,2059,Ec,163
1378,2069,Ec,148
1381,2020,Ec,74
1381,2043,Qr,0
1381,2047,Qr,0
1381,2057,Qr,1
1381,2065,Qr,3
1431,2026,Ec,413
1431,2037,Ec,815
1431,2048,Ec,746
1431,2059,Ec,1548
1432,2027,Ec,594
1432,2039,Ec,1332
1432,2051,Ec,1203
1432,2063,Ec,1031
1447,2054,Pb,427
1505,2049,Ct,51
1505,2059,Ct,78
1505,2069,Ct,123
1546,2020,Ec,115
1546,2030,Ec,161
1546,2040,Ec,515
1546,2050,Ec,465
1546,2060,Ec,403
1547,2021,Ec,23
1547,2031,Ec,374
1547,2041,Ec,499
1547,2051,Ec,455
1547,2061,Ec,397
1606,2022,Ec,188
1606,2033,Ec,292
1606,2044,Ec,607
1606,2055,Ec,547
1606,2066,Ec,470
1626,2021,Ec,9
1626,2031,Ec,197
1626,2041,Ec,180
1626,2051,Ec,157
1626,2061,Ec,197
816,2037,Pb,70
816,2062,Pb,29
819,2037,Pb,69
819,2062,Pb,29
820,2029,Ec,631
820,2041,Ec,755
820,2053,Ec,694
820,2065,Ec,604
821,2032,Pb,4323
821,2057,Pb,255
821,2067,Pb,2920
822,2030,Pb,800
822,2055,Pb,128
823,2021,Ec,1023
823,2031,Ec,943
823,2041,Ec,1409
823,2051,Ec,1287
823,2061,Ec,1126
824,2021,Ec,254
824,2031,Ec,402
824,2041,Ec,373
824,2051,Ec,646
824,2061,Ec,604
825,2027,Ec,355
825,2050,Qr,0
825,2054,Qr,0
825,2067,Qr,64
826,2023,Ec,317
826,2035,Ec,433
826,2047,Ec,717
826,2059,Ec,642
827,2022,Ec,1653
827,2034,Ec,2065
827,2046,Ec,2726
827,2058,Ec,2507
828,2021,Ec,476
828,2032,Ec,507
828,2043,Ec,755
828,2054,Ec,691
828,2065,Ec,601
830,2023,Ec,914
830,2035,Ec,1262
830,2047,Ec,1578
830,2059,Ec,1471
831,2023,Ec,369
831,2035,Ec,504
831,2047,Ec,837
831,2059,Ec,748
832,2023,Ec,178
832,2035,Ec,244
832,2047,Ec,405
832,2059,Ec,362
833,2045,Pb,626
834,2028,Pb,1052
834,2043,Pb,61
834,2053,Pb,303
834,2063,Pb,1921
835,2046,Pb,75
835,2061,Pb,4
836,2021,Ec,338
836,2031,Ec,733
836,2041,Ec,652
836,2051,Ec,562
836,2061,Ec,733
846,2029,Ec,512
846,2041,Ec,740
846,2053,Ec,686
846,2065,Ec,603
847,2029,Ec,1286
847,2041,Ec,1154
847,2053,Ec,1056
847,2065,Ec,1836
848,2029,Ec,2012
848,2041,Ec,2402
848,2053,Ec,2210
848,2065,Ec,1923
849,2049,Ct,360
849,2059,Ct,1301
850,2026,Ec,714
850,2037,Ec,1187
850,2048,Ec,1086
850,2059,Ec,1903
851,2021,Ec,493
851,2044,Qr,0
851,2048,Qr,1
851,2061,Qr,113
852,2025,Ec,1204
852,2036,Ec,1789
852,2047,Ec,1675
852,2058,Ec,1495
852,2069,Ec,1789
853,2029,Ec,441
853,2041,Ec,725
853,2053,Ec,648
853,2065,Ec,551
854,2029,Ec,2974
854,2039,Ec,2783
854,2049,Ec,2480
854,2059,Ec,2974
854,2069,Ec,2783
855,2029,Ec,259
855,2041,Ec,429
855,2053,Ec,382
855,2065,Ec,324
856,2027,Ec,1628
856,2037,Ec,1974
856,2047,Ec,1811
856,2057,Ec,1585
856,2067,Ec,1974
880,2026,Ec,276
880,2037,Ec,378
880,2048,Ec,635
880,2059,Ec,573
883,2047,Pb,23
884,2037,Pb,87
885,2037,Pb,109
885,2062,Pb,46
886,2022,Ec,1100
886,2033,Ec,1137
886,2044,Ec,1676
886,2055,Ec,1542
886,2066,Ec,1347
887,2023,Ec,581
887,2035,Ec,599
887,2047,Ec,880
887,2059,Ec,809
888,2020,Ec,201
888,2030,Ec,283
888,2040,Ec,885
888,2050,Ec,812
888,2060,Ec,711
889,2021,Pb,28
889,2046,Pb,8
889,2056,Pb,460
890,2022,Ec,531
890,2033,Ec,851
890,2044,Ec,785
890,2055,Ec,688
890,2066,Ec,851
891,2021,Ec,1123
891,2031,Ec,1165
891,2041,Ec,1724
891,2051,Ec,1583
891,2061,Ec,1387
892,2022,Ec,654
892,2033,Ec,677
892,2044,Ec,997
892,2055,Ec,918
892,2066,Ec,801
893,2023,Ec,1792
893,2035,Ec,3085
893,2047,Ec,2874
893,2059,Ec,2542
894,2022,Ec,1270
894,2034,Ec,1333
894,2046,Ec,1979
894,2058,Ec,1814
895,2046,Pb,411
895,2061,Pb,25
897,2044,Pb,99
897,2054,Pb,703
899,2037,Pb,78
899,2062,Pb,32
900,2037,Pb,72
900,2062,Pb,29
901,2025,Ec,1226
901,2035,Ec,1558
901,2045,Ec,1986
901,2055,Ec,1841
901,2065,Ec,1624
902,2054,Pb,614
903,2037,Pb,40
903,2060,Qr,0
903,2064,Qr,0
904,2037,Pb,23
904,2060,Qr,0
904,2064,Qr,0
983,2026,Ec,429
983,2037,Ec,400
983,2048,Ec,353
983,2059,Ec,429
1171,2028,Ec,2792
1171,2039,Ec,2097
1171,2050,Ec,1894
1171,2061,Ec,1634
1172,2028,Ec,8677
1172,2039,Ec,6756
1172,2050,Ec,6326
1172,2061,Ec,5634
1180,2022,Ec,1646
1180,2034,Ec,2338
1180,2046,Ec,2938
1180,2058,Ec,2730
1181,2020,Ec,3983
1181,2030,Ec,5519
1181,2040,Ec,3051
1181,2050,Ec,2855
1181,2060,Ec,2546
1187,2026,Ec,562
1187,2036,Ec,876
1187,2046,Ec,809
1187,2056,Ec,1284
1187,2066,Ec,1200
1188,2023,Ec,261
1188,2035,Ec,2292
1188,2047,Ec,2108
1188,2059,Ec,1837
1205,2021,Ec,1424
1205,2031,Ec,1940
1205,2041,Ec,1762
1205,2051,Ec,2541
1205,2061,Ec,2360
1206,2037,Pb,121
1206,2062,Pb,64
1214,2028,Ec,1443
1214,2040,Ec,2240
1214,2052,Ec,2066
1214,2064,Ec,3432
1231,2027,Ec,565
1231,2039,Ec,1099
1231,2051,Ec,1020
1231,2063,Ec,896
1241,2027,Ec,793
1241,2038,Ec,1238
1241,2049,Ec,1140
1241,2060,Ec,1922
1246,2041,Pb,151
1246,2051,Pb,1045
1247,2021,Ec,201
1247,2033,Ec,429
1247,2045,Ec,382
1247,2057,Ec,602
1247,2069,Ec,547
1248,2041,Pb,32
1248,2051,Pb,371
1249,2031,Pb,83
1249,2041,Pb,427
1249,2051,Pb,598
1249,2066,Pb,3997
1260,2021,Ec,164
1260,2031,Ec,548
1260,2041,Ec,490
1260,2051,Ec,423
1260,2061,Ec,548
1261,2023,Ec,304
1261,2058,Ct,369
1261,2068,Ct,1093
1283,2023,Ec,1078
1283,2035,Ec,1488
1283,2047,Ec,1861
1283,2059,Ec,1734
1284,2021,Ec,357
1284,2032,Ec,365
1284,2043,Ec,548
1284,2054,Ec,501
1284,2065,Ec,434
1285,2021,Ec,1483
1285,2031,Ec,1301
1285,2041,Ec,1967
1285,2051,Ec,1791
1285,2061,Ec,1560
1286,2031,Ec,2584
1286,2043,Ec,2434
1286,2055,Ec,2111
1286,2067,Ec,2273
1299,2029,Ec,1689
1299,2041,Ec,1319
1299,2053,Ec,1234
1299,2065,Ec,1098
1301,2027,Ec,196
1301,2037,Ec,171
1301,2047,Ec,152
1301,2057,Ec,319
1301,2067,Ec,281
1311,2044,Pb,120
1311,2054,Pb,846
1312,2029,Ec,3195
1312,2041,Ec,3012
1312,2053,Ec,2617
1312,2065,Ec,2815
1348,2020,Ec,671
1348,2032,Ec,618
1348,2044,Ec,902
1348,2056,Ec,818
1348,2068,Ec,702
1383,2037,Pb,51
1383,2060,Qr,0
1383,2064,Qr,0
1385,2046,Pb,54
1386,2037,Pb,24
1386,2060,Qr,0
1386,2064,Qr,0
1387,2037,Pb,34
1387,2060,Qr,0
1387,2064,Qr,0
1388,2037,Pb,20
1388,2060,Qr,0
1388,2064,Qr,0
1394,2031,Pb,46
1395,2037,Pb,37
1395,2060,Qr,0
1395,2064,Qr,0
1399,2030,Pb,564
1399,2055,Pb,181
1402,2021,Ec,236
1402,2031,Ec,341
1402,2041,Ec,427
1402,2051,Ec,399
1402,2061,Ec,355
1403,2050,Pb,74
1404,2020,Ec,23
1404,2043,Qr,0
1404,2047,Qr,0
1404,2060,Qr,11
1423,2040,Pb,36
1423,2050,Pb,237
1424,2026,Ec,206
1424,2037,Ec,189
1424,2048,Ec,162
1424,2059,Ec,386
1427,2030,Ec,266
1427,2041,Ec,242
1427,2052,Ec,209
1427,2063,Ec,266
1499,2021,Ec,35
1499,2031,Ec,178
1499,2041,Ec,158
1499,2051,Ec,136
1499,2061,Ec,178
1500,2054,Pb,111
1502,2026,Pb,75
1502,2061,Pb,101
1538,2027,Ec,299
1538,2050,Qr,0
1538,2054,Qr,0
1538,2067,Qr,83
1541,2026,Ec,99
1541,2036,Ec,150
1541,2046,Ec,135
1541,2056,Ec,203
1541,2066,Ec,186
1542,2027,Ec,283
1542,2038,Ec,417
1542,2049,Ec,375
1542,2060,Ec,563
1543,2028,Ec,630
1543,2040,Ec,905
1543,2052,Ec,812
1543,2064,Ec,1219
1545,2037,Pb,58
1545,2060,Qr,0
1545,2064,Qr,0
1585,2051,Pb,321
1585,2066,Pb,14
1604,2044,Pb,27
1604,2054,Pb,204
1610,2020,Ec,206
1610,2043,Qr,0
1610,2047,Qr,0
1610,2057,Qr,1
