1
133
140
141
143
145
146
147
149
156
158
159
160
161
162
166
168
169
171
188
189
192
193
2
206
207
208
209
211
212
215
220
221
222
223
240
242
243
244
25
264
265
279
280
281
282
288
289
290
293
296
299
30
312
313
314
315
316
317
318
319
320
321
322
323
324
325
326
327
328
330
331
332
334
336
337
338
339
344
345
35
350
352
355
356
357
358
359
360
361
388
389
390
394
399
400
401
402
405
406
407
412
413
444
446
447
454
471
476
477
478
479
480
487
488
490
493
494
495
496
497
498
499
500
508
510
6
60
601
602
603
604
61
62
648
649
650
651
652
653
656
657
659
660
661
662
663
664
667
668
669
670
685
700
701
702
703
704
705
706
707
708
709
710
715
716
717
718
719
720
721
723
740
741
751
752
770
780
783
784
785
8
88
94
