816
819
835
836
899
900
901
902
903
904
983
1205
1206
1214
1260
1261
1383
1385
1386
1387
1388
1394
1541
1542
1543
1545
1554
1568
1569
1570
1571
1576
1577
1585
1586
1587
807
812
865
866
974
975
976
977
979
980
981
982
1031
1032
1033
1034
1035
1036
1037
1038
1039
1040
1041
1042
1043
1044
1045
1046
1047
1048
1049
1050
1051
1052
1053
1054
1055
1056
1106
1107
1117
1198
1111
1207
1208
1209
1210
1211
1257
1262
1263
1272
1273
1274
1275
1276
1277
1278
1280
1281
1295
1296
1376
1377
1378
1381
1431
1432
1447
1546
1567
1574
1575
1606
1626
1573
978
1547
969
970
971
973
1505
1279
1107
1110
1108
