3,21
4,500
5,500
7,1
19,2
20,1
21,1
22,1
23,1
24,1
29,1
34,1
39,1
40,1
41,3
46,1
59,500
63,501
64,1
66,19
90,304
91,20
92,1
93,501
95,1
97,1
98,2
99,2
100,2
101,501
102,500
103,500
104,500
105,3
106,1
108,2
109,500
110,2
135,308
136,1
138,2
144,1
153,304
163,500
164,1
172,500
173,308
174,1
177,3
178,3
180,1
181,1
184,1
187,1
194,500
195,1
196,3
210,500
218,1
219,500
225,500
226,1
227,1
229,1
230,1
231,3
235,1
236,1
237,3
246,3
247,1
248,2
250,1
251,2
255,3
256,19
257,19
258,2
259,500
260,3
266,1600
267,1
268,1
269,1
270,500
271,312
272,1
274,500
275,2
276,1
277,500
278,4
297,1
307,316
348,1
363,1
364,1
368,1
369,3
370,1
371,1
372,2
373,3
374,500
375,2
376,1
377,1
378,1
379,500
380,1
381,3
384,500
385,500
386,3
387,1
391,1
408,1
409,1
410,3
414,3
427,500
428,500
429,501
433,1
458,500
459,1
460,1
461,1
464,1
465,2
470,500
474,802
483,500
484,1
501,2
502,2
503,1
504,1
505,2
512,500
533,500
555,19
556,1
557,1
558,1
559,3
560,1
586,2
587,1
588,1
589,14
590,500
591,20
592,1
605,3
606,2
611,500
612,2
614,1
615,1
616,1
618,2
619,1
642,3
655,800
675,1
678,1
679,1
682,2
712,29
713,2
730,34
731,1
736,501
737,308
742,2
743,1
746,801
748,801
749,500
755,1
756,1
757,1
762,1
763,1
764,1
767,1
773,500
774,1
775,304
776,801
777,801
782,1
1,2313
2,19
6,19
8,500
9,700
10,19
11,500
12,1
13,500
14,1
15,2
25,1
27,1
28,2
30,1
31,1
32,500
33,500
35,500
37,1
38,1
42,3
43,500
45,2
48,1
49,1
50,3
51,1
52,1
53,1
54,1
55,19
56,1
57,500
58,500
60,1
61,500
62,500
67,1
68,2
69,500
70,500
71,500
72,1
73,500
74,2
77,500
78,500
79,1
80,500
81,500
83,3
84,1
85,1
86,312
87,312
88,1
89,3
94,1
96,2
107,1
111,500
112,316
113,1
114,1
115,1
116,2
117,1
118,35
119,5
120,1
121,1
122,1
124,500
125,500
126,3
127,500
128,3
129,1
130,500
131,500
132,500
133,500
134,500
140,1
141,1
142,500
143,10
145,1
146,1
147,1
149,1
150,1
154,1
155,2
156,1
157,500
158,1
159,1
160,1
161,500
162,500
165,1
166,1
167,1
168,1
169,1
170,1
171,1
175,801
176,1
179,1
182,3
183,1
185,1
186,2
188,1
189,1
190,500
191,500
192,500
193,1
198,500
199,15
200,34
201,500
202,500
203,500
204,500
206,500
207,1
208,500
209,500
211,1
212,1
213,1
214,1
215,19
217,1
220,500
221,1
222,1
223,1
238,1
239,500
240,1
242,1
243,1
244,1
249,1
252,1
253,3
254,1
264,1
265,1
273,1
279,500
280,1
281,1
282,1
284,1
285,2
286,3
287,2
288,1
289,1
290,1
291,1
292,500
293,500
294,1
295,1
296,1317
298,1
299,1
300,1
302,1
303,1
304,1
305,1
306,500
308,316
310,500
312,1
313,316
314,1
315,1
316,500
317,500
318,1
319,1
320,1
321,1
322,1700
323,2
324,1
325,2
326,1
327,1
328,1
330,7
331,1
332,1700
333,1
334,1
335,19
336,500
337,1
338,1
339,1
340,3
341,1
342,19
343,1
344,2
345,501
346,1
350,1
351,1
352,500
354,2
355,28
356,1
357,501
358,1
359,316
360,500
361,500
366,1
382,802
383,500
388,1
389,1
390,1
393,1
394,1
395,1
396,3
397,1
398,1
399,3
400,300
401,1
402,3
403,1
404,1
405,1
406,500
407,500
411,1
412,1
413,2300
416,500
417,501
418,500
419,500
420,1
421,500
422,500
423,3
424,800
426,2
431,1
432,1
434,1
435,1
436,500
437,1
438,1
439,1
441,1
442,1
443,308
444,501
446,500
447,1
448,500
449,1
450,3
451,512
452,500
454,1
455,500
456,304
457,2
462,1
463,312
466,1
467,3
468,1
469,1
471,500
472,1
473,1
475,500
476,2
477,500
478,1
479,500
480,500
481,1
482,2
485,500
486,2
487,1
488,500
490,500
491,1
492,500
493,1
494,1
495,1
496,1
497,2
498,1
499,1
500,1
506,500
507,500
508,500
509,501
510,1
511,1
514,2
515,500
516,500
517,500
518,500
519,1
520,3
521,2
523,1
524,1
525,1
526,43
527,1
528,2
529,2
530,500
531,19
532,1
534,500
536,1
537,312
538,1
539,1
540,312
541,1
542,1
543,500
545,500
546,500
547,1317
549,801
550,1
551,2
552,36
553,3
554,501
561,1
562,1
563,2
564,500
565,2
566,1
568,500
569,1
570,500
571,500
572,500
574,500
575,20
576,2
577,3
578,1
579,500
580,500
581,500
582,500
583,500
584,500
585,500
593,3
594,2
595,1
596,2
597,19
598,1
599,27
600,5
601,1
602,2
603,1
604,3
607,500
608,500
609,2
610,700
613,2
620,1
621,1
622,13
623,500
624,1
625,3
626,2
627,500
628,312
629,500
630,501
631,3
632,1
633,500
634,1
635,1
636,500
637,1
638,1
639,500
640,500
641,501
643,501
644,1
645,308
647,3305
648,1
649,1
650,1
651,46
652,500
653,2
654,2
656,1
657,1
659,3
660,1
661,19700
662,1
663,1
664,13
665,304
666,2
667,1
668,19
669,3
670,13
671,500
672,1
673,2
674,500
676,1
677,34
680,1
681,2
683,501
684,1
685,1
686,3
687,1
688,1
689,1
690,1
691,2
692,500
693,1
694,2
695,1
696,1
697,1
698,1
699,500
700,1
701,1
702,34
703,500
704,2
705,500
706,500
707,500
708,501
709,500
710,500
711,1
715,1
716,500
717,1
718,1
719,1
720,1
721,1
722,1
723,35
724,2
725,2
726,1
728,1
729,1
732,500
733,500
734,500
738,3
739,500
740,308
741,21
744,1
745,1
750,502
751,1
752,1
753,1
758,1
759,1
760,1
761,500
765,20
766,3
768,19
769,1
770,19
778,1
779,18
780,1
781,500
783,1
784,500
785,500
954,1
955,1
956,1602
957,503601
958,1
959,500
960,500
961,500
962,2
964,500
965,34
966,308
967,1
968,1
984,19
985,34
986,35700
987,35
988,1
989,34
990,20
991,19
992,34
993,34
995,19
996,19
997,34
998,20
999,34
1000,19
1001,19
1002,34
1003,19
1004,34
1005,34
1006,34
1007,34
1008,2
1009,21
1010,1
1011,1
1012,34
1013,34
1014,2
1015,1
1016,500
1018,20
1019,19
1020,36
1021,19
1022,19
1023,19
1024,20
1025,36
1026,19
1027,19
1028,19
1029,21
1030,36
1057,19
1058,1
1059,19
1060,19
1061,19
1062,36
1063,34
1064,34
1065,34
1066,500
1067,1
1068,1
1069,34
1070,1
1071,1
1072,1
1073,1
1074,3
1075,1
1076,1
1077,19
1078,1
1079,2
1080,1
1081,1
1082,19
1083,1
1084,35
1085,19
1086,1
1087,1
1088,1
1089,1
1091,19
1092,21
1093,1
1094,19
1095,34
1096,34
1097,21
1099,19
1100,21
1101,20
1102,46
1103,19
1104,34
1105,1
1109,19
1112,1
1113,2
1118,19
1119,19
1120,19
1121,1
1122,34
1123,34
1124,1
1125,1
1126,1
1127,1
1128,19
1129,25
1130,19
1131,1
1132,19
1133,2
1134,1
1135,1
1136,1
1137,1
1138,1
1139,34
1140,1
1141,1
1142,20
1143,2
1144,1
1145,1
1146,1
1147,1
1148,1
1149,1
1150,19
1151,1
1152,2
1153,1
1154,1
1155,19
1156,19
1157,1
1158,19
1159,34
1160,34
1161,19
1162,3
1163,34
1164,19
1165,500
1166,34
1167,2
1168,34
1169,35
1170,2
1173,34
1174,36
1175,21
1176,19
1177,25
1178,20
1179,19
1182,34
1183,19
1184,34
1185,2
1186,2
1189,1
1190,1
1191,1
1192,1
1193,21
1194,1
1195,34
1196,34
1197,1
1199,2
1200,2
1201,1
1202,3
1203,19
1204,2
1212,3
1213,1
1215,1
1216,10
1218,1
1219,1
1221,35
1222,19
1223,2700
1224,20700
1225,34
1226,34
1227,2
1228,19
1229,34
1230,36700
1232,34
1233,34
1234,35
1235,35308
1236,35
1237,1
1238,34
1239,2
1240,1
1242,19
1243,34
1244,35700
1245,500
1250,500
1251,1
1252,500
1253,35
1254,1
1255,1
1256,19
1258,1
1259,2
1264,19
1265,37
1266,35
1267,34
1268,35
1269,35
1270,500
1271,1
1282,19
1287,1
1288,34
1289,34
1290,19
1291,36
1292,1
1293,35
1294,19
1297,2312
1303,34
1304,44
1306,34
1314,19
1315,28
1318,500
1319,20
1320,34
1321,1
1322,19
1323,19
1324,19
1326,1
1328,1
1329,34
1330,19
1331,35
1333,34
1335,500
1337,19
1338,20
1339,19
1340,19
1341,20
1343,19
1344,19
1351,500
1353,2
1354,19
1355,19
1357,19
1358,34
1359,34
1360,19
1361,34
1362,1
1363,2
1364,1
1366,34
1369,34
1370,500
1371,34
1412,1
1413,1
1414,19
1415,1
1416,1
1420,500
1436,19
1437,1
1439,500
1440,19
1441,500
1442,500
1443,1
1444,1
1445,19
1446,1
1449,19
1450,20
1452,21
1453,21
1454,21
1456,19
1457,19
1458,2
1459,500
1461,21
1462,19
1463,19
1464,34
1466,35
1467,19
1469,36
1470,21
1473,19
1474,35
1476,19
1479,19
1480,19
1481,2
1482,1
1483,1
1484,500
1485,19
1486,1
1487,500
1488,1
1490,1
1493,1
1494,1
1495,1
1496,2
1497,1
1504,1
1506,1
1508,500
1509,19
1510,34
1511,19
1512,19
1513,34
1514,34
1515,1
1518,2
1519,3
1520,19
1521,19
1522,1
1523,19
1525,19
1526,19
1527,34
1528,36
1530,1
1532,34
1533,20
1534,3
1536,1
1537,19
1557,802
1558,802
1559,802
1560,802
1561,800
1562,800
1563,802
1564,802
1565,800
1566,801
1572,802
1580,802
1581,802
1582,802
1583,802
1584,802
1593,1
1594,500
1595,19
1596,21
1597,20
1598,21
1599,21
1600,19
1611,21
1612,35
1613,21
1614,20
1615,21
1616,20700
1618,34
1620,3
809,1
810,19
811,2
813,1305
814,500
815,19
817,34
818,500
837,21
838,500
839,1
840,34
841,35
842,34
843,34
844,2
845,1
857,28
858,1
859,500
860,35
861,19
862,1
863,1
867,1
868,2
869,1
870,1
871,1
872,1
873,1
874,2
875,19308
876,34
877,1
878,1
879,20
881,34
882,19
896,28
898,36
906,35
907,1
908,34
909,1
910,1
911,35
912,1
913,19
914,19
915,19
916,34
917,19
918,19
919,49
920,21
921,34
922,304
923,19
924,34
925,500
926,19
927,19
928,500
929,500
931,500
932,2
933,1
934,20
935,19
937,34
938,34
939,2
940,1
942,34
943,34
944,40
945,20
946,35
947,34
948,19
949,19
950,1
951,1
953,500
954,1
955,1
956,1602
957,500601
1110,34
1111,500
1117,34
1198,21
1207,501
1208,1
1209,500700
1210,21
1211,46
1257,34
1262,25
1263,2
1272,34
1273,46
1274,21
1275,19
1276,19
1277,19
1278,500
1279,35
1280,34
1281,21
1295,34
1296,34
1376,48
1377,1
1378,1
1381,47
1431,1
1432,34
1447,500
1505,3
1546,19
1547,19
1567,801
1573,800
1574,801
1575,801
1606,20
1626,34700
807,1
812,21
865,36
866,1
969,500
970,34
971,500
973,1
974,1
975,35
976,34
977,34
978,19
979,11
980,35
981,37
982,19
1031,34
1032,34
1033,19
1034,34
1035,1
1036,19
1037,34
1038,23
1039,21
1040,19
1041,1
1042,19
1043,36
1044,35
1045,19
1046,35
1047,20
1048,37
1049,36
1050,20
1051,20
1052,35
1053,20
1054,19
1055,35
1056,35
1106,34
1107,34
824,10
825,1600
826,21
827,21
830,21
831,21
833,501
834,27
835,501700
836,34
846,36
847,3
848,36
849,308
850,2
851,34600
852,35
853,36
854,2
855,35
856,34
880,20
883,503
884,500
885,503
886,21
887,20
888,21
889,508
890,35
891,20
892,19
893,36
894,21
895,500
897,500
899,500
900,500
901,19
902,500
903,500600
904,500600
983,2
1171,35
1172,35
1180,21
1181,19
1187,1
1188,34
1205,1
1206,500
1214,1700
1231,36
1241,2
1246,500
1247,500
1248,1600
1249,503601
1260,34
1261,35
1283,21
1284,19
1285,20
1286,3
1299,36
1301,1
1311,500
1312,3
1348,30
1383,500600
1385,500700
1386,500600
1387,500600
1388,500600
1394,500
1395,500600
1399,501
1402,20
1403,500
1404,19600
1423,500
1424,2
1499,34
1500,500
1502,500
1538,1601
1541,1
1542,2
1543,3
1545,500600
1554,800
1555,802
1556,802
1568,800
1569,800
1570,800
1576,801
1577,801
1585,501
1586,800
1587,800
1604,500
1610,28601
816,500
819,500
820,36
821,500
822,500
823,20
824,10
825,1600
826,21
