1,1312
2,19
3,20
4,500
5,500
6,19
7,3
8,500
9,700
10,19
11,500
12,1
13,500
14,1
15,1
19,1
20,1
21,1
22,1
23,1
24,2
25,1
27,1
28,1
29,1
30,1
31,1
32,500
33,500
34,1
35,500
37,1
38,1
39,1
40,1
41,3
42,1
43,500
45,2
46,1
48,1
49,1
50,1
51,1
52,1
53,1
54,1
55,19
56,1
57,500
58,500
59,500
60,1
61,500
62,500
63,501
64,1
66,19
67,3
68,2
69,500
70,500
71,500
72,1
73,500
74,1
77,500
78,500
79,1
80,500
81,500
83,3
84,1
85,1
86,312
87,312
88,1
89,1
90,304
91,19
92,1
93,500
94,1
95,1
96,1
97,2
98,2
99,1
100,1
101,500
102,500
103,501
104,500
105,1
106,1
107,1
108,2
109,500
110,2
111,500
112,316
113,1
114,1
115,1
116,2
117,1
118,34
119,5
120,1
121,1
122,1
124,500
125,500
126,3
127,500
128,3
129,1
130,500
131,500
132,500
133,500
134,500
135,308
136,1
138,1
140,1
141,1
142,500
143,10
144,1
145,1
146,1
147,1
149,1
150,1
153,304
154,1
155,1
156,1
157,500
158,1
159,1
160,1
161,500
162,500
163,19
164,1
165,3
166,1
167,1
168,1
169,1
170,3
171,1
172,500
173,308
174,1
175,801
176,1
177,1
178,3
179,1
180,1
181,1
182,3
183,1
184,1
185,1
186,2
187,1
188,1
189,1
190,500
191,500
192,500
193,1
194,500
195,1
196,1
198,500
199,13
200,34
201,500
202,500
203,500
204,500
206,500
207,1
208,500
209,500
210,500
211,1
212,1
213,1
214,1
215,19
217,1
218,1
219,500
220,500
221,1
222,1
223,1
225,500
226,1
227,1
229,1
230,1
231,3
233,500
235,1
236,2
237,1
238,1
239,500
240,1
242,1
243,1
244,1
246,1
247,1
248,1
249,1
250,1
251,1
252,1
253,1
254,1
255,1
256,20
257,20
258,1
259,500
260,1
264,1
265,1
266,1
267,1
268,1317
269,1
270,500
271,312
272,1
273,1
274,500
275,1
276,1
277,500
278,2
279,500
280,1
281,1
282,1
284,1
285,2
286,1
287,1
288,1
289,1
290,1
291,1
292,500
293,500
294,1
295,1
296,1
297,1
298,1
299,1
300,1
302,1
303,1
304,1
305,1
306,500
307,316
308,316
310,500
312,1
313,316
314,1
315,1
316,500
317,500
318,1
319,1
320,1
321,2
322,1
323,1
324,1
325,1
326,1
327,1
328,1
330,7
331,1
332,1
333,1
334,1
335,19
336,500
337,1
338,1
339,1
340,3
341,1
342,21
343,1
344,2
345,500
346,1
348,1
350,1
351,1
352,500
354,1
355,28
356,1
357,500
358,1
359,316
360,500
361,500
363,1
364,1
366,1
368,1
369,1
370,1
371,1
372,1
373,1
374,501
375,2
376,1
377,1
378,1
379,500
380,1
381,1
382,802
383,500
384,500
385,500
386,1
387,1
388,1
389,1
390,1
391,1
393,1
394,1
395,1
396,1
397,1
398,1
399,3
400,300
401,1
402,1
403,1
404,3
405,1
406,500
407,500
408,1
409,1
410,1
411,1
412,1
413,2300
414,3
416,500
417,500
418,500
419,500
420,1
421,500
422,500
423,1
424,800
426,2
427,500
428,500
429,501
431,1
432,2
433,3
434,1
435,1
436,500
437,2
438,1
439,1
441,1
442,1
443,308
444,500
446,500
447,2
448,500
449,1
450,3
451,512
452,500
454,1
455,501
456,304
457,2
458,500
459,1
460,1
461,1
462,1
463,312
464,1
465,1
466,1
467,1
468,1
469,1
470,500
471,500
472,1
473,1
474,802
475,500
476,1
477,500
478,1
479,500
480,500
481,1
482,1
483,500
484,1
485,500
486,1
487,1
488,500
490,500
491,1
492,500
493,2
494,1
495,1
496,1
497,1
498,1
499,1
500,1
501,1
502,1
503,1
504,1
505,1
506,501
507,501
508,500
509,500
510,1
511,1
512,500
514,2
515,500
516,500
517,500
518,501
519,1
520,1
521,1
523,2
524,1
525,1
526,43
527,1
528,1
529,1
530,500
531,19
532,1
533,500
534,500
536,1
537,312
538,1
539,1
540,312
541,1
542,1
543,500
545,500
546,500
547,1
549,801
550,1
551,1
552,34
553,1
554,501
555,19
556,1
557,2
558,1
559,2
560,1
561,1
562,1
563,1
564,501
565,4
566,1
568,500
569,1
570,500
571,500
572,500
574,500
575,19
576,1
577,1
578,1
579,500
580,500
581,500
582,500
583,500
584,500
585,500
586,2
587,1
588,1
589,13
590,500
591,19
592,1
593,1
594,1
595,1
596,1
597,19
598,1
599,25
600,3
601,1
602,1
603,1
604,3
605,1
606,2
607,500
608,500
609,1
610,700
611,500
612,1
613,1
614,1
615,1
616,1
618,1
619,3
620,1
621,1
622,13
623,500
624,1
625,1
626,1
627,500
628,312
629,501
630,500
631,1
632,1
633,500
634,1
635,1
636,501
637,1
638,1
639,500
640,501
641,501
642,1
643,500
644,1
645,308
647,1
648,1
649,1
650,1
651,46
652,500
653,1
654,1
655,800
656,1
657,1
659,1
660,1
661,19
662,1
663,1
664,13
665,304
666,1
667,1
668,19
669,500
670,13
671,500
672,1
673,2
674,500
675,1
676,1
677,34
678,2
679,1
680,1
681,1
682,1
683,501
684,1
685,1
686,2
687,1
688,1
689,1
690,1
691,1
692,500
693,1
694,1
695,1
696,1
697,1
698,1
699,500
700,1
701,1
702,34
703,500
704,1
705,500
706,500
707,500
708,500
709,500
710,501
711,1
712,28
713,1
715,1
716,500
717,1
718,1
719,1
720,1
721,1
722,1
723,34
724,1
725,1
726,1
728,1
729,1
730,34
731,1
732,500
733,500
734,500
736,501
737,308
738,3
739,500
740,308
741,20312
742,1
743,2
744,1
745,1
746,801
748,801
749,500
750,501
751,1
752,1
753,2
755,1
756,1
757,1
758,2
759,1
760,1
761,500
762,1
763,1
764,3
765,19
766,3
767,1
768,19
769,1
770,19
773,500
774,1
775,304
776,801
777,801
778,1
779,16
780,1
781,500
782,3
783,1
784,500
785,500
828,19
832,19
941,34
952,34
1427,1
1468,19
1571,800
1622,1
1623,19
