1,3312
2,20604
3,20
4,501603
5,503
6,21603
7,1
8,500602
9,700
10,19
11,503700
12,2700
13,500700
14,2700
15,3
19,3
20,3
21,3
22,2700
23,3
24,2700
25,3700
27,503
28,3
29,500
30,3700
31,1602
32,700
33,502
34,2
35,503700
37,3
38,2600
39,2305
40,3
41,6315
42,2
43,503
45,2
46,3
48,3
49,2
50,3
51,3700
52,2700
53,2700
54,3
55,20
56,2
57,503
58,503
59,502700
60,1604
61,501
62,700
63,502
64,3
66,503
67,3315
68,3
69,502
70,502700
71,502700
72,500
73,500700
74,3
77,503
78,502
79,2
80,503
81,503
83,3
84,1601
85,3317
86,700
87,602
88,2
89,3
90,700
91,21
92,2
93,503
94,1603
95,1309
96,2
97,1308
98,3
99,2603
100,3
101,503
102,503
103,503
104,503
105,2
106,3
107,2
108,2
109,503
110,2311
111,503
112,700
113,1602
114,2
115,1700
116,2
117,3700
118,36700
119,3
120,3
121,3700
122,3
124,500
125,501700
126,3
127,700
128,6700
129,2
130,501
131,501700
132,501700
133,502700
134,500600
135,501
136,3
138,2604
140,3604
141,2302
142,503
143,12308
144,2309
145,2
146,1700
147,1604
149,2700
150,1
153,601
154,2
155,3
156,3700
157,503
158,3700
159,3700
160,1308
161,700
162,503
163,501
164,2319
165,3
166,1700
167,3
168,2700
169,2
170,3
171,3
172,503
173,502
174,2600
175,801
176,3
177,3
178,5603
179,1
180,1700
181,3700
182,3700
183,2700
184,1700
185,3
186,2
187,3
188,3
189,3
190,502
191,503
192,503
193,3700
194,503
195,3
196,2
198,700
199,15
200,36700
201,500700
202,501
203,500603
204,502
206,502700
207,1700
208,503700
209,500700
210,503
211,2600
212,1303
213,2602
214,1600
215,19700
217,3305
218,3
219,503
220,500700
221,1600
222,2
223,3700
225,503
226,3
227,3
229,1
230,3
231,3
233,502
235,3
236,3
237,3
238,3
239,503
240,3700
242,3700
243,3
244,1700
246,3
247,2
248,1
249,3
250,2700
251,3
252,3
253,3
254,3
255,3
256,21
257,21
258,3
259,503
260,3
264,1315
265,1319
266,2601
267,1602
268,2317
269,1319
270,502
271,602
272,3
273,1
274,502
275,3
276,2
277,500
278,4
279,503
280,1700
281,3
282,1
284,2601
285,3
286,3
287,3
288,3700
289,3
290,1604
291,3
292,501
293,700
294,3
295,3
296,1600
297,1309
298,3600
299,2310
300,3
302,2
303,2
304,2
305,503602
306,501
307,602
308,604
310,503
312,1700
313,603
314,1700
315,3319
316,700
317,700
318,2
319,3
320,3311
321,3
322,2
323,3
324,3
325,3
326,1700
327,3700
328,3700
330,7319
331,1700
332,2
333,3
334,3700
335,20700
336,500
337,2700
338,1700
339,1700
340,502700
341,2
342,20604
343,2700
344,1
345,700
346,3
348,3307
350,1604
351,3
352,700
354,3
355,29700
356,2700
357,503
358,3601
359,602
360,700
361,700
363,3
364,3
366,2308
368,2
369,3
370,3
371,501
372,1
373,2
374,502
375,4
376,3604
377,3604
378,3
379,503
380,2604
381,3
382,802
383,503
384,502
385,503
386,3
387,3
388,2
389,2600
390,3600
391,3
393,3
394,3700
395,502
396,3
397,3
398,2
399,3315
400,700
401,2700
402,2700
403,3308
404,1304
405,3700
406,502
407,501700
408,2
409,2602
410,1
411,500
412,3700
413,2303
414,3
416,502
417,502
418,501
419,502
420,3
421,503
422,503
423,3
424,800
426,4
427,503
428,503
429,502
431,1317
432,3305
433,3
434,3
435,3
436,503
437,3311
438,3
439,2604
441,1
442,3602
443,604
444,502
446,700
447,3700
448,503
449,2700
450,3
451,700
452,502
454,2700
455,503
456,307
457,4
458,503
459,2604
460,3
461,3
462,3311
463,604
464,3
465,3
466,3
467,1
468,3
469,3
470,500
471,501
472,3700
473,2
474,802
475,502
476,1700
477,501
478,1700
479,700
480,500
481,3
482,3
483,503
484,3302
485,501
486,3
487,1700
488,700
490,700
491,3
492,502
493,2
494,3
495,1
496,1
497,2700
498,2700
499,2700
500,1700
501,2
502,3
503,1
504,3
505,3
506,503
507,503
508,700
509,503
510,500
511,3602
512,503
514,3
515,503
516,503
517,502
518,503
519,3
520,2
521,3
523,3600
524,3305
525,500
526,45700
527,3
528,3700
529,3
530,503
531,21
532,3
533,503
534,503
536,1601
537,700
538,2700
539,1310
540,502
541,3600
542,1603
543,503
545,503
546,503
547,3600
549,801
550,2603
551,3
552,36
553,3
554,503
555,19309
556,3
557,2600
558,2
559,2
560,3
561,3
562,3
563,3
564,501
565,4
566,2309
568,500
569,3
570,503
571,502
572,503
574,503
575,21
576,3
577,3
578,3
579,501
580,502
581,502
582,502
583,503
584,503
585,503
586,3600
587,1604
588,2
589,15
590,503
591,20603
592,3
593,2
594,3
595,3
596,3
597,21
598,3
599,27
600,6
601,2700
602,2
603,2700
604,5
605,3
606,2
607,503
608,503
609,3
610,700
611,503
612,3
613,3
614,3
615,3
616,3
618,3
619,1700
620,3
621,2700
622,13700
623,503700
624,502
625,2
626,2604
627,502
628,604
629,502
630,501
631,3
632,3
633,502
634,501
635,3600
636,503
637,3
638,2
639,503
640,503
641,503
642,3
643,502
644,1601
645,502
647,3304
648,3700
649,2700
650,3700
651,48
652,501700
653,3
654,3
655,800
656,500
657,2
659,3
660,3
661,21
662,501
663,2
664,14
665,700
666,2317
667,501
668,20312
669,503700
670,15700
671,502
672,1
673,4
674,501
675,503
676,3
677,36
678,2
679,2
680,3601
681,3
682,3
683,500
684,1
685,3
686,1314
687,3
688,1700
689,1602
690,1
691,3
692,503
693,2
694,1700
695,2700
696,2700
697,2700
698,3
699,503
700,3700
701,2601
702,35
703,700
704,305
705,700
706,700
707,501
708,503
709,700
710,503
711,3
712,30
713,3
715,3
716,700
717,1700
718,500
719,2700
720,1600
721,2
722,3
723,35313
724,3
725,3
726,3
728,501700
729,2
730,36
731,3
732,700
733,700
734,700
736,501
737,502
738,3700
739,503
740,700
741,21603
742,3
743,3
744,3700
745,3
746,801
748,801
749,503
750,503
751,1
752,1
753,3
755,2
756,2
757,3
758,3
759,3
760,503
761,501
762,2
763,3316
764,3310
765,21
766,6
767,3
768,21
769,1700
770,21700
773,503
774,2
775,700
776,801
777,801
778,2
779,17
780,3700
781,500
782,3
783,3
784,503
785,502700
807,2700
809,2700
810,21
811,1700
812,21
813,1604
814,503600
815,21600
816,500601
817,36
818,502
819,34601
820,35700
821,503
822,503
823,21
824,11
825,2603
826,19700
827,21
828,20604
830,21601
831,21700
832,20301
833,2604
834,27602
835,500700
836,500
837,21
838,503
839,1
840,36
841,36
842,35
843,34
844,2
845,1
846,36601
847,3310
848,34604
849,500
850,2600
851,34600
852,36604
853,35
854,3
855,34303
856,36
857,30
858,1700
859,500
860,34700
861,21604
862,1601
863,501
865,38700
866,3
867,3700
868,1700
869,3
870,3700
871,3
872,3
873,3700
874,3
875,19603
876,36700
877,503
878,503
879,21
880,21
881,36
882,502
883,503
884,503
885,20
886,21
887,20
888,21
889,511
890,36
891,21
892,21
893,36
894,20700
895,501600
896,30
897,501
898,34
899,500
900,503
901,21
902,307
903,501601
904,34307
906,36700
907,1700
908,503
909,3
910,503700
911,35
912,1
913,19700
914,20700
915,19
916,35
917,19
918,19
919,50700
920,21
921,34601
922,604
923,19
924,36700
925,700
926,21700
927,19316
928,503
929,503
931,503
932,3600
933,3
934,19601
935,21
937,35
938,34
939,2700
940,1700
941,36
942,35603
943,35
944,41
945,20309
946,501
947,36
948,20
949,19319
950,3
951,2601
952,35600
953,500
954,1
955,1316
956,502600
957,1310
958,3
959,503
960,503
961,503
962,3
964,501
965,34309
966,503
967,3
968,3
969,502
970,34700
971,501700
973,2700
974,3
975,503700
976,501
977,502
978,500700
979,11700
980,37700
981,35700
982,21700
983,3700
984,19700
985,34700
986,36700
987,35700
988,3
989,34
990,20700
991,21700
992,35700
993,35
995,19700
996,19
997,36700
998,20700
999,36700
1000,19601
1001,19700
1002,35700
1003,19700
1004,35700
1005,36700
1006,36700
1007,36700
1008,1603
1009,24
1010,503
1011,3
1012,36700
1013,34700
1014,3
1015,500
1016,503604
1018,19601
1019,20
1020,36
1021,21300
1022,21600
1023,21
1024,21
1025,37
1026,21
1027,20
1028,21
1029,21
1030,37
1031,35
1032,35
1033,19700
1034,34700
1035,2
1036,20
1037,35
1038,21700
1039,19308
1040,19
1041,3
1042,20
1043,35700
1044,37700
1045,21700
1046,37700
1047,21
1048,37700
1049,36
1050,21
1051,20700
1052,36
1053,21700
1054,19700
1055,35
1056,35
1057,20700
1058,3700
1059,20
1060,19700
1061,19700
1062,34700
1063,36700
1064,35700
1065,36
1066,501
1067,3
1068,3
1069,36700
1070,501700
1071,3
1072,3
1073,2700
1074,3
1075,1
1076,503
1077,19700
1078,1
1079,2700
1080,1700
1081,1
1082,21700
1083,2
1084,34700
1085,21
1086,3700
1087,2
1088,2700
1089,2700
1091,21
1092,21
1093,502
1094,21
1095,36
1096,36
1097,21
1099,21
1100,20
1101,20
1102,48
1103,21
1104,36
1105,2700
1106,36
1107,35
1108,19
1109,19700
1110,35700
1111,503
1112,1600
1113,3
1117,35
1118,19700
1119,20
1120,19700
1121,2
1122,34
1123,34
1124,2700
1125,1700
1126,2
1127,2700
1128,20
1129,25
1130,21700
1131,1700
1132,20700
1133,3700
1134,2700
1135,2700
1136,3
1137,1700
1138,1
1139,35700
1140,3
1141,2700
1142,20700
1143,2700
1144,2700
1145,3700
1146,3700
1147,1700
1148,1
1149,3
1150,21
1151,3
1152,3
1153,1700
1154,1700
1155,21
1156,20
1157,500
1158,20603
1159,36700
1160,36
1161,20
1162,3
1163,35
1164,20602
1165,503
1166,34603
1167,2700
1168,34
1169,35700
1170,500
1171,36603
1172,34317
1173,36
1174,35700
1175,21700
1176,19700
1177,27700
1178,19700
1179,21700
1180,20
1181,21
1182,36
1183,21
1184,502
1185,3
1186,3
1187,3604
1188,35
1189,3
1190,3
1191,500
1192,501
1193,21
1194,501
1195,34
1196,34700
1197,3
1198,21
1199,2
1200,3
1201,2
1202,3
1203,21
1204,1700
1205,1601
1206,500601
1207,502
1208,3700
1209,500
1210,21700
1211,48
1212,1700
1213,1700
1214,2
1215,3700
1216,12604
1218,1700
1219,502
1221,36315
1222,19700
1223,2
1224,21
1225,36
1226,36
1227,500
1228,19
1229,35
1230,35700
1231,36311
1232,36
1233,36
1234,35
1235,34601
1236,36601
1237,1
1238,35
1239,2
1240,1700
1241,3
1242,21
1243,35603
1244,36700
1245,700
1246,503700
1247,8
1248,2308
1249,3603
1250,502
1251,3
1252,503
1253,37
1254,1700
1255,3
1256,20603
1257,35700
1258,3
1259,2
1260,502
1261,34306
1262,26700
1263,3
1264,21
1265,36
1266,36
1267,34700
1268,36600
1269,37700
1270,500
1271,2700
1272,35700
1273,47700
1274,21700
1275,21700
1276,21
1277,20700
1278,700
1279,36
1280,35
1281,20700
1282,20
1283,20
1284,21
1285,21
1286,3
1287,501
1288,34700
1289,36
1290,19
1291,35
1292,2
1293,37700
1294,21310
1295,34700
1296,36700
1297,3601
1299,35601
1301,3301
1303,34604
1304,43602
1306,34700
1311,700
1312,1316
1314,21
1315,29700
1318,503
1319,21600
1320,500602
1321,500
1322,20700
1323,21700
1324,21
1326,3
1328,2700
1329,35700
1330,21
1331,36700
1333,36
1335,502
1337,502700
1338,19700
1339,20602
1340,20600
1341,19600
1343,21
1344,20700
1348,30601
1351,503
1353,502
1354,21
1355,19310
1357,20
1358,35
1359,36
1360,20700
1361,35700
1362,2
1363,2
1364,1700
1366,36700
1369,35700
1370,501700
1371,36
1376,46700
1377,3700
1378,501
1381,503
1383,501604
1385,503603
1386,34303
1387,34303
1388,503700
1394,19700
1395,19700
1399,503
1402,19700
1403,2
1404,21603
1412,2
1413,700
1414,20700
1415,503
1416,501
1420,502
1423,503
1424,3
1427,3
1431,1700
1432,35700
1436,20700
1437,1700
1439,500700
1440,19
1441,502
1442,502
1443,3
1444,1700
1445,19700
1446,2700
1447,700
1449,21
1450,21
1452,21
1453,21
1454,21
1456,20700
1457,20700
1458,3
1459,500
1461,21700
1462,21700
1463,21700
1464,34700
1466,36
1467,20
1468,21308
1469,36
1470,21
1473,19600
1474,37
1476,20700
1479,21602
1480,20
1481,1
1482,3
1483,2700
1484,700
1485,20700
1486,1
1487,500
1488,3700
1490,2
1493,3
1494,3
1495,503
1496,3
1497,1
1499,36
1500,503
1502,503
1504,503
1505,503
1506,503
1508,502
1509,20700
1510,35700
1511,19700
1512,20700
1513,35700
1514,35700
1515,501
1518,2
1519,3
1520,20
1521,21
1522,3
1523,20
1525,19700
1526,19
1527,35700
1528,36
1530,502
1532,36700
1533,19
1534,2
1536,502700
1537,19
1538,3602
1541,3
1542,2
1543,3
1545,501604
1546,20
1547,500700
1554,800
1555,802
1556,802
1557,802
1558,802
1559,802
1560,802
1561,800
1562,800
1563,802
1564,802
1565,800
1566,801
1567,801
1568,800
1569,800
1570,800
1571,800
1572,802
1573,800
1574,801
1575,801
1576,801
1577,801
1580,802
1581,802
1582,802
1583,802
1584,802
1585,34604
1586,800
1587,800
1593,503
1594,503
1595,21
1596,21
1597,21
1598,21
1599,21
1600,20700
1604,503
1606,503
1610,28604
1611,21700
1612,36
1613,19700
1614,19700
1615,21700
1616,19700
1618,35700
1620,2
1622,502
1623,21
1626,35700
