[1210, 865, 1038]
[526, 635, 566, 638]
[679, 769]
[34]
[236, 588, 275]
[1221, 1156, 911]
[1125, 1611, 1123]
[915, 916, 918, 1457, 1012, 1013, 1456]
[1614, 1616]
[811, 1362]
[684]
[526, 635, 566, 638]
[679, 769]
[886, 887, 891]
[236, 588, 275]
[1221, 1156, 911]
[1125, 1611, 1123]
[915, 916, 918, 1457, 1012, 1013, 1456]
[67]
[1136, 1255]
[684]
[526, 635, 566, 638]
[679, 769]
[1265, 1266, 1122]
[236, 588, 275]
[88, 319, 323, 188, 399]
[1125, 1611, 1123]
[915, 916, 918, 1457, 1012, 1013, 1456]
[1244]
[406, 510, 660, 659]
[684]
[526, 635, 566, 638]
[679, 769]
[811]
[260, 504, 594, 517, 518, 507, 294, 509, 516, 636, 629, 527, 781]
[1221, 1156, 911]
[1125, 1611, 1123]
[915, 916, 918, 1457, 1012, 1013, 1456]
[812, 1051]
[372, 606, 90, 378, 605]
[1129, 1364, 1186]
[526, 635, 566, 638]
[679, 769]
[34]
[236, 588, 275]
[1221, 1156, 911]
[1125, 1611, 1123]
[915, 916, 918, 1457, 1012, 1013, 1456]
[1032, 1210]
[1136, 1255]
