107
111
142
15
155
157
165
170
175
176
183
185
186
190
191
199
213
217
233
238
239
249
252
253
254
27
273
28
284
285
286
287
291
292
294
295
298
300
302
303
305
306
308
31
310
32
33
341
346
354
366
37
38
382
383
393
395
396
397
398
403
404
411
416
417
418
419
42
420
421
422
423
424
426
43
431
432
434
435
436
437
438
439
441
442
443
448
449
45
450
452
455
456
457
462
463
466
467
468
469
481
482
485
486
491
492
506
507
509
511
514
515
516
517
518
519
520
521
523
524
525
526
527
528
529
530
531
532
534
536
537
538
539
540
541
542
543
545
546
547
549
550
551
552
553
554
561
562
563
564
565
566
568
569
570
571
572
574
575
576
577
578
579
58
580
581
582
583
584
585
593
594
595
596
597
598
599
600
607
608
609
610
613
623
624
625
626
627
628
629
630
631
632
633
634
635
636
637
638
639
640
641
643
644
645
647
654
665
666
67
671
672
673
674
676
677
68
680
681
683
686
687
688
689
69
690
691
692
693
699
711
722
724
725
726
74
745
750
753
758
759
760
761
77
778
779
78
781
79
80
81
83
84
85
86
87
89
96
3
4
5
7
19
20
21
22
23
24
29
34
39
40
41
46
59
63
64
66
90
91
92
93
97
98
99
100
101
102
103
104
105
106
108
109
110
135
136
138
144
153
163
164
172
173
174
177
178
184
187
194
195
196
218
219
225
226
227
229
230
231
235
236
237
246
247
248
250
251
255
256
257
258
259
260
266
267
268
269
270
271
272
274
275
276
277
278
297
307
348
363
364
368
369
370
371
372
373
374
375
376
377
378
379
380
381
384
385
386
387
391
408
409
410
414
427
428
429
433
458
459
460
461
464
465
470
474
483
484
501
502
503
504
505
512
533
555
556
557
558
559
560
586
587
588
589
590
591
592
605
606
611
612
614
615
616
618
619
642
655
675
678
682
712
713
730
731
736
737
742
743
746
748
749
755
756
757
762
763
764
773
774
775
776
777
782
