3
4
5
7
15
19
20
21
22
23
24
27
28
29
32
33
34
37
38
39
40
41
42
43
45
46
58
59
63
64
66
67
68
69
74
77
78
79
80
81
83
89
90
91
92
93
96
97
98
99
100
101
102
103
104
105
106
107
108
109
110
111
135
136
138
142
144
153
155
157
163
164
165
170
172
173
174
175
176
177
178
183
184
185
186
187
190
191
194
195
196
199
218
219
225
226
227
229
230
231
233
235
236
237
238
239
246
247
248
249
250
251
252
253
254
255
256
257
258
259
260
266
267
268
269
270
271
272
273
274
275
276
277
278
284
285
286
287
291
292
294
295
297
298
300
302
303
305
306
307
308
310
341
346
348
354
363
364
366
368
369
370
371
372
373
374
375
376
377
378
379
380
381
382
383
384
385
386
387
391
393
395
396
397
398
403
404
408
409
410
411
414
416
417
418
419
420
421
422
423
426
427
428
429
433
434
435
436
437
438
439
442
443
448
449
450
452
455
456
457
458
459
460
461
464
465
466
467
468
469
470
474
481
482
483
484
485
486
491
492
501
502
503
504
505
506
507
509
512
514
515
516
517
518
519
520
521
523
524
525
526
527
528
529
530
531
532
533
534
536
537
538
539
540
541
542
543
545
546
547
549
550
551
552
553
554
555
556
557
558
559
560
561
562
563
564
565
566
568
569
571
572
574
575
576
577
578
579
580
581
582
583
584
585
586
587
588
589
590
591
592
593
594
595
596
597
598
599
600
605
606
607
608
609
610
611
612
613
614
615
616
618
619
623
624
625
626
627
628
629
630
631
632
633
634
635
636
637
638
639
640
641
642
643
654
655
665
666
671
672
673
674
675
676
677
678
680
681
682
683
686
687
688
689
690
691
692
699
711
712
713
722
724
725
726
730
731
736
737
742
743
745
746
748
749
750
753
755
756
757
758
759
760
761
762
763
764
773
774
775
776
777
778
779
781
782
