816
819
820
821
822
823
824
825
826
827
828
830
831
832
833
834
835
836
846
847
848
849
850
851
852
853
854
855
856
880
883
884
885
886
887
888
889
890
891
892
893
894
895
897
899
900
901
902
903
904
983
1171
1172
1180
1181
1187
1188
1205
1206
1214
1231
1241
1246
1247
1248
1249
1260
1261
1283
1284
1285
1286
1299
1301
1311
1312
1348
1383
1385
1386
1387
1388
1394
1395
1399
1402
1403
1404
1423
1424
1427
1499
1500
1502
1538
1541
1542
1543
1545
1554
1555
1556
1568
1569
1570
1571
1576
1577
1585
1586
1587
1604
1610
