3
4
5
7
19
20
21
22
23
24
29
34
39
40
41
46
59
63
64
66
90
91
92
93
95
97
98
99
100
101
102
103
104
105
106
108
109
110
135
136
138
144
153
163
164
172
173
174
177
178
180
181
184
187
194
195
196
210
218
219
225
226
227
229
230
231
235
236
237
246
247
248
250
251
255
256
257
258
259
260
266
267
268
269
270
271
272
274
275
276
277
278
297
307
348
363
364
368
369
370
371
372
373
374
375
376
377
378
379
380
381
384
385
386
387
391
408
409
410
414
427
428
429
433
458
459
460
461
464
465
470
474
483
484
501
502
503
504
505
512
533
555
556
557
558
559
560
586
587
588
589
590
591
592
605
606
611
612
614
615
616
618
619
642
655
675
678
679
682
712
713
730
731
736
737
742
743
746
748
749
755
756
757
762
763
764
767
773
774
775
776
777
782
