287,309,323,347,359,360,428,645
626
154,684
51,94,275,410,436,535
166,426,616,710
191,235,641,642,648
34,60,88,266,335,618
141,142,192,642,648
9,10
8,10,149
8,9,149
13,149
13,149
11,12,149,404
28,539,631
33,56,79,329,330,331
368,426,616
19,248,435,681
19,20,58
17,18,20,422,681
18,19,57,58,246,422
25,199,671
222,227,341,500,529
31,37,167,341,500,525
122,123,124,135,463,616,686
21,199,201,268
72,381
473,475,477,607,690
14,255,354,355,539,575,577,630,631
388,453,619,623,691,692,693,716
257,258,259,286,406,663,717
23,167,341
481,483,484,571
15,56,78,79,550
6,335,336,562,618
219,221,336,339,344
152,168,523,524,582
23,168,500,524,525
269,526,582,583,586
684
183,314,563
43,44,184,298,424,638
43,424,425,427,639,702
41,42,298,424,425,702
41,184,300,424,638
47,184,300
136,305,702
45,184,300
49,184,298
48,136,184,298,702
59,93,94,96,416
3,94,411
54,250,304
141,249,250,251,252,304
52,250
245,328,501,532,674,698,699,700
15,33,242,327,329,330,698
20,246,417,422,680,681
18,20,95,165,172,173,246,270,417,621
50,95,96,197
6,66,67,69,86,88,137,553,618
62,63,179,625
61,63,625
61,62,64,181,182
63,182,183,314
243,270,271,273,276
60,274,553
60
139,276
60,137,277,622
71,498,528
70,158,222,311,342,498,528
26,73,196,381
72,196,381,386,387
386,387,395,414
193,381
262,283,285,289,357,371,431,610
380,390,442,443,567,568
33,221,336,337,338,550
15,33,330,331,550
81,176,177,178,332,333
80,176,333,366,534
265,358,371,604
163,620,703,704
86,197,552,553,554,555
86,87,98,197
60,84,85,87,88,197,266,553,555
85,86,266
6,60,86,266
90,344,556,559
89,91,92,344,559
90,92,346,412,559,716
90,91,412,413
50,410,416,417
3,50,51,96,97,98,410,411,416
58,59,96,197,551,554
50,59,94,95,97,197
94,96,98,197
85,94,97,197,411
256,631
106
102,105,106
101,105,635
118,639,701
427,701
101,102,106,635
100,101,105,108,111,115,635,636
112,113,116,119
106,111,635,701
110,115,636,637,638
109,625,636,637,638
106,108,114,115,635,701
107,113,119,671,676
107,112,116,117,307,672,673,676
111,115,424,427,701
106,109,111,114,424,638
107,113,117,119
113,116,673
103,272,635,639,701
107,112,116,272,667,671
189,215,292,294,719
307,308,668,672
24,124,597,685,686
24,135,146,368,435,616
24,122,135,597,685
126,128
125,128,268
351,369,514
125,126,200,268
237,238,239,241
131,609,657,688
130,132,591,609,688,689
131,133,186,689
132,186
164,564
24,123,124,146
46,49,305,702
60,69,277,618,622
447,604,605,646
68,213,622,697
142,143,626,642
7,53,142,304,648
7,140,141,304,642
140
235,278,282,440,591,641,655
146,435,535,707
123,135,145,435,436,535
389,419,420,623
151,153,201,202,643,656,658,659
9,10,11,12,13
153,608,643,644,655,657,659,678
148,153,423,656
36,168,269,527,582
148,150,151,608,609,643,656,657
2,203,684
156,159,160,312,502
155,159,502,503,675
158,341,342
71,157,222,341,342,529
155,156,204,502,675
155,208,220,312,502
162,163,564,704
161,163,564
83,161,162,704
134
58,621
4,463,616,710
23,31,269,525,527
36,37,152,524,525,527
327,328,329,330,367
171,289,371
170,174,289,291,371,444,546
58,267,270,621
58
171,291,371,430,444,446
290,310,400,441
80,81,177,330,367,534
80,176,330,331,332,334
80,333,669
61,300,625
353,575,577,578
63
63,64,183
40,64,182,314
41,44,45,47,48,49,185,298,300
184
132,133,315,594,689
593,594
191,234,678
120,215,216,292
620,703
5,188,234,235,642
7,642
75,381,462,587
195,667,671
194,199,268,671
72,73,387
59,84,85,86,95,96,97,98,551,554,555
412,413,504
21,25,195,268
128,268,658,678
25,148,202,268,658
148,201,658,659
154,684
159,503,533,675
206,207,208,220
205,207,208,210,211,224,533
205,206,210
160,205,206,220,502
-1
206,207,212,224
206,224,532,533,674
210,223,224,674
139,214,378,622,627
213,378,697
120,189,216,218,294,296,593,719
189,215,218,295,301,302
301,302,459
215,216,301,303,459,592,593,661
35,221,337,338,340,343,413
160,205,208
35,78,219,336,337,340
22,71,158,227,528,529
212,501,531,674
206,210,211,212,533,674
254,316,568,617,628
306,497,517,521,541,542,614,615,687
22,222,498,500,528,615
230,261,356,452,453,454,623,694
230,232,454,693
228,229,231,232,233,260,261,454,544
230,232,233,455
229,230,231,455
230,231,455,456,457,538,544
188,191,235,678
5,144,191,234,641,655,678
237,238,275
129,236,238,241
129,236,237,239,275,530
129,238,240,241,530,533
239,241,245,532,533
129,237,239,240,242,244,245
56,241,244,698
65
241,242,245,698
55,240,241,244,532,698
20,57,58,417
248,368,435
17,247,368,435
53,252
52,53,54,251,304
53,250,252
53,249,251,545
255,397,629,630,631
225,568,628,696
28,253,630,631
99,394,442,537,631,696
30,660,663
30,284,595,663,717
30,286,714
230,261,544,695
228,230,260,356,695
76,289,399,431,439,547,548
458,460,466,579,662
433,457,469,538,624
82,358,472,603
6,86,87,88
172,270,271,621
25,126,128,195,199,200,201,658
38,152,167,527,582,583
58,65,172,267,271
65,267,270
118,119,639,667,671
65,276
66,551,553,554
3,236,238
65,68,273
69,137,618,622
144,282,641,648
281,282
282,293,299,440,591,594,719
279,282,292,293,295
144,278,279,280,281,292,293,440,648
76,610
258,285,352,595,717
76,284,352,595,610
30,259,406,714
0,309,398,400,428,429,432,547,548
432,547
76,170,171,262,371,399,439,546
175,399,400,441,444,546
171,174,371,430,444
120,189,281,282,293,295
280,281,282,292,719
120,215,719
216,281,292
215,593,594,719
590,592,593
41,43,48,49,184,702
280,591
44,45,47,179,184,625,638
216,217,218,302,459,661
216,217,301
218,459,592,650
52,53,141,142,250
46,136,702
226,500,521,615
113,121,672,673
121,668,672
0,287,310,400
175,309,400,441,449,598,679
71,494,495,498
155,160,708,709
459,660
40,64,183,563,564,565
186,317,319,370,593,594,718
225,420,568,617
315,318,319,370,592
317,370,590,592,593
315,317,320,322,592,645,651
319,321,322,645
320,645
319,320,645,649,651
0
366,534
366
494
56,169,328,329,698
55,169,327,367,670,698,700
15,56,169,327,330
15,56,79,169,176,177,329,331,367
15,79,177,330,334,550
80,177,334
80,81,178,366,534,669
177,331,332,536,549,550
6,34,336
34,35,78,221,335,337,339,562
78,219,221,336,338,340,343
78,219,337,343,505,549,550
35,336,344,562
219,221,337
22,23,31,157,158,500,529
71,157,158
219,337,338,413,505
35,89,90,339,506,556
346,504,536
91,345,372,412,504,716
0,360,431,548,645,649
660
660,663
410,435,535,681,707
127,369,509,511,513,514,583,586
284,285,406,714,717
180,575,577
28,355,575,576,577
28,354
228,261,640,694,695
76,371
82,265,371,603,604
0,360,428
0,347,359,428,431,548
362,487
361,487,489,490
364,365,461,602
363,365,461,600,601,602,679
363,364
81,324,325,333,534,669
169,176,328,330,534,670,700
16,123,247,248,616
127,351,403,405,509,513
315,317,318,593
76,82,170,171,174,289,291,357,358,444,446,447,448,604
346,619,716
403,405,492,508,509
433,471,624,633,712
376,560,562,618
375,377,379,560
376,379,557,560,561,567
213,214,627,697
376,377,380,567,627
77,379,443,567,627
26,72,73,75,193,386,395,414,462,587,588,589
384,389,437,438,567
384,385,388,556,558,559
382,383,385,389,438,557,558,585
383,384,388
73,74,381
73,74,196
29,383,385,559,623,691
147,382,384,390,420,437
77,389,420,437,567,568
392,443,627
391,393,443,566
392,394,421,442,443,566
256,393,396,421,442,496,537,566
74,381,414,588,589
394,397,537,629,631
253,396,629
287,399,400,547
262,289,290,398,400,546,547
175,287,290,309,310,398,399
474,475,574,578
473,475,512,578
369,373,405,509
13
369,373,403,492,569
30,286,352,714,717
408,409,584
407,409,418,584
407,408,418,584,624,633
3,93,94,350,416,417,535,680,681
51,94,98
91,92,198,346,413,504
92,198,219,343,412,504,505
74,381,395,589
462,588
50,93,94,410
57,58,93,246,410,680
408,409,493,507,584,586
147,420,452,623
147,316,389,390,419,452,568,617,694
393,394,442,443
19,20,57,680,681
151,609,656
41,42,43,44,114,115,427,638
42,43
4,16,616,710
42,104,114,424,639,701,702
0,287,359,360,548
287,432,547,548
174,291,444,446
76,262,347,360,548,610,649
287,288,429,547
264,374,458,468,469,470,624,662,664,712
517,666,687
17,123,145,146,247,248,350,681,707
3,146,535
382,389,390,567
382,384,557,567
262,289
144,280,282,591
175,290,310,444,445,448,679
77,256,393,394,421,443,568,696
77,380,391,392,393,421,442,627
171,174,290,291,371,430,441,445,446,447,448,546
441,444,448,679
174,371,430,444,447,448
138,371,444,446,448,604,646
371,441,444,445,446,447,461,646,679
310,598,679
598,679
599,600,679
228,419,420,623,694
29,228,454,623,693
228,229,230,453,693
231,232,233,456
233,455,457,653,654
233,264,456,538,624,654
263,433,460,468,662
217,218,301,303,313,595,610,650,660,661,663
263,458,466,468,596,665
363,364,448,601,602,646,679
193,381,415,587,588
24,166,616,686,711
465,539,631,632,640,696
464,617,628,640,696
263,460,574,577,578,579,596
468,469,538,544
433,458,460,467,469,544,664,665
264,433,467,468,538,664
433,579,662,712
374,633,712
265,473,512,606,607
27,402,472,475,512,607
401,574,578
27,401,402,473,476,477,574,578,581,687
475,480,572,573,574,580,581,687
27,475,478,687,690
477,479,687,690
478,543,613,687,690
476,573,666,687,713
32,482,483,653
481,653
32,481,570,571,652,653,654
32,485,486,488,571
484,486,487
484,485,487,488,489
361,362,485,486,489,490
484,486,489,569,571
362,486,487,488,569
362,487
570,571,624
373,405,508,510,569
418,507,508,510
311,326
311
394
226,498,614,615,683
70,71,227,311,497,528,615
516,517,540,541
22,23,37,227,306,341,521,524,615
55,223,531,674,699
155,156,159,160,208
156,204,530,533,675
198,345,346,412,413,505,536
338,343,413,504,536,549
344,556,560,561
418,493,508,511,586
373,492,493,507,509,510,511
351,369,373,403,508,511,513,586
492,493,508
351,507,508,509,586
402,472,473,578
351,369,509
127,351,583,586
634
499,519,540,541,666
226,434,499,540,541,666,687
519,522,523
516,518,520,522,541,666
519,522,523,524,541
226,306,500,524,541,542
518,519,520,523
36,518,520,522,524
36,37,168,500,520,521,523,541
23,37,167,168,527
38,583,586
152,167,168,269,525
70,71,222,227,498
22,158,222,341
238,239,503,533
223,501
55,211,240,245,533,674
204,206,211,224,239,240,503,530,532
81,176,324,333,366,367
3,145,146,350,410,436,707
334,345,504,505,549
256,394,396,631
233,264,457,467,469,544
14,28,464,577,596,631,632
499,516,517,666
226,499,516,517,519,520,521,524,542
226,521,541
479,613
230,233,260,467,468,538,665,695
252
171,289,290,399,444
262,287,288,398,399,429,432,548
262,287,347,360,428,429,431,547
334,338,505,536,550
33,78,79,331,334,338,549
95,197,274,554
84,553,554
60,66,84,86,274,552,554,555
84,95,197,274,551,552,553
84,86,197,553
89,344,383,506,558,559,561,585
377,384,438,561,567,585
383,384,556,585
89,90,91,383,388,556,691,716
375,376,377,506,561,562
377,506,556,557,560,585
34,336,339,375,560,618
40,314
134,161,162,314,565
134,314,564
392,393,394
77,377,379,380,382,390,437,438,557
77,225,254,316,390,420,442,696
405,488,489,492,571
483,491,571,624,652
32,483,484,488,491,569,570
476,573,574,579,580,715
476,480,572,579,712,713,715
401,466,474,475,476,572,578,579,580,581
28,180,353,354,576,577
354,575,577
28,180,353,354,466,539,575,576,578,596
180,401,402,466,474,475,512,574,577
263,466,470,572,573,574,662,712,715
476,572,574,581
475,476,574,580
36,38,152,269
38,269,351,514,526,586
407,408,409,418,586
384,556,557,558,561
38,351,418,507,509,511,514,526,583,584
193,381,462
381,395,415,462
381,395,414
297,318,592,593
131,144,280,299,440,594,655,688,689
218,297,303,317,318,319,590,593,650,651
187,215,218,296,297,315,318,370,590,592,594,718,719
186,187,280,296,315,591,593,689,718,719
258,284,285,459,610,663
460,466,539,577,632,665
122,124,685
310,449,450,679
451,679
364,451,601,679
364,461,600,679
363,364,461
265,358,604,605,611,646,647,706
82,138,358,371,447,603,605
138,603,604,646
472,607
27,472,473,606,611,612,706
150,153,643,657
130,131,153,423,656,657,688
76,283,285,431,459,595,649,650,651
603,607,612,647,706
607,611
479,543,614,683,687,690
226,497,613,683,687
226,227,306,497,498,500
4,16,24,123,166,368,426,463
225,316,420,465,628,640,694
6,34,60,137,277,375,562,622
29,372,691,692,716
83,190,703,704,705
58,165,172,267
69,137,139,213,277,618
29,147,228,388,419,452,453
264,374,409,433,457,491,570,633,652,654
61,62,110,179,300,638,682
1,140,642
213,378,379,380,391,443,697
225,254,465,617,696
253,396,397,631
28,253,255
14,28,99,253,255,256,396,464,537,539,629,696
464,539,596,640,665
374,409,471,624
515
102,105,106,108,111,118,701
106,109,110
109,110,638
41,44,109,110,115,300,424,625,637
42,103,118,272,427,701,702
356,464,465,617,632,665,694,695
5,144,235,278,648
5,7,140,142,191,192,626,648
148,150,153,608,659
150,659,678
0,319,320,321,322,347,649
138,447,448,461,603,605,647,706
603,611,646,706
5,7,141,278,282,641,642
322,347,431,610,645,650,651
303,459,592,610,649,651
319,322,592,610,649,650
483,570,624,654
456,481,482,483,654
456,457,483,624,652,653
144,150,235,591,657,678,688
148,151,153,423,609,657
130,150,153,608,609,655,656,688
148,200,201,202,268,659,678
148,150,202,643,644,658,678
257,313,348,349,459,663
218,301,459
263,433,458,470,579
30,257,258,349,459,595,660
433,468,469
460,468,544,596,632,640,695
434,480,516,517,519,540,687,713
119,194,272,671
121,308,672,676
178,333,366
328,367,700
21,112,119,194,195,272,667,676,677
113,121,307,308,668,673,676
113,117,307,672
55,211,212,223,224,501,532
156,159,204,503
112,113,668,671,672
671
150,188,200,234,235,644,655,658,659
310,364,441,445,448,449,450,451,461,598,599,600,601
57,410,417,422,681
17,19,57,350,410,422,435,680
625
497,613,614
2,39,154,203
122,124,597,686
24,122,463,685,711
226,434,475,476,477,478,479,480,517,613,614,666
130,131,591,609,655,657
131,132,186,591,594
27,477,478,479,613
29,388,559,619,716
29,619,693
29,229,453,454,692
228,356,420,452,617,640,695
260,261,356,544,640,665,694
254,256,442,464,465,568,628,631
139,214,378,627
55,56,242,244,245,327,328
55,501,700
55,328,367,670,699
103,104,108,111,114,118,427,635,639
42,43,46,49,136,298,305,427,639
83,190,620
83,161,163,620,705
620,704
603,607,611,646,647
145,350,435,535
312,709
312,708
4,166,426
463,686
374,433,470,471,573,579,713
480,573,666,712
259,286,352,406
572,573,579
29,91,346,372,559,619,691
30,258,284,352,406
315,593,594
120,215,280,293,294,296,593,594
885,886,887,945,946,950,1159,1169,1170,1191,1192,1365
1136,1141,1272,1303,1342,1402
993,994,996
910,911,960,966,1068,1123,1126,1234,1258,1370
775,941,944,954,956,959,1108,1153,1277
828,1139
773,1056,1064,1072,1204,1205,1210,1364
872,1147,1228
814,1247,1349,1366,1374
771,1164,1196
786,815,1113,1114
813,814,1246,1247,1381
767,1069,1070,1194
734,735,1127,1263,1353
733,735,762,1127,1181,1252,1262,1263,1353
733,734,1078,1252,1353
739
738,1085
737,1085,1253
736,1254
-1
742,1224
741,1224
-1
745
744,1143,1144,1145
747,1156,1157,1250
746,1250,1352,1369,1382,1383
749,1053
748,1053
1113,1114,1339,1343
752,753,1053,1344
751,754,1344
751,755,1053,1116,1117,1344
752,756,1344,1377
753,1116,1344
754,1344,1355,1356,1357,1376,1377
758,759,1354
757,759,760,761,1195,1354
757,758,1069
758,761,1195,1199
758,760,1199,1200
734,763,1181,1262
762,764,765,1180,1181
763,1070
763,1070,1079,1180,1392
767,1070
732,766,790,1069,1070
791,792,1163,1198
839,1057,1059,1211,1217
1211
729,772,841,1071,1196
771,1071,1196
726,774,1204,1364
773,897,1212,1364
724,936,939,941,1108
940,942
778,781,1044,1101,1154,1311
777,779,780,781,1044,1101,1155,1311
778,780,1155
778,779,782,783,1101,1111,1155,1188,1310
777,778,1101
780,783,1101,1110,1111
780,782,784,1046,1047,1101,1110
783,1046,1047
921,998,1149,1280,1281
730,815,1055,1193
788,1139,1178,1286
787,1081,1178,1286
913,914,915,1076,1218,1221
767
768,792,1128,1163
768,791,1128
794
793,1079,1182
796,798,1317
795,797,798
796,798,801
795,796,797,799,801,1317
798,801,1317
801,802
797,798,799,800,802,803
800,801,803,1086
801,802,1086
805
804,1145,1251
808
1086,1315,1316
806,1146
810,811,1112,1156,1157
809,811,812,1103,1104,1245
809,810,812,1112,1347
810,811,1245
731,814,1246,1366,1368,1375,1381
728,731,813,1246,1247,1366
730,786,1114,1193,1260
817,818,1116
816,818,1116,1359,1360
816,817,819,821,1054,1116,1117,1259,1359
818,820,1054,1055,1259,1318
819,1054,1055
818,822,1259,1359
821,823,832,1359,1363
822,832,833,1120,1208,1363
825,827,916,1073,1256,1284
824,827,1073,1233,1256
1133,1140,1222,1223,1283,1284
824,825,1135,1233,1284
725,831,919,1090,1138,1139,1230
919,1286
831,1090,1298
828,830,919,920,921,1090,1286,1298
822,823,833,835,1119
823,832,834,835,1206,1207,1208
833,1120,1206,1207,1208
832,833,1119,1206
838,1062
838,839
836,837,839
769,837,838,1063
841,1062,1321
771,840,842,844,1203,1321
841,843,844,845,1202
842,845,1201
841,842,847,1202,1203,1321
842,843,846,1201,1202
845,847,1124,1125,1131,1201,1202
844,846,1202,1203
-1
852,854,1197,1294,1295
851,853,1071,1130,1196
850,853,854,1130,1197
849,854,855,1294,1295
850,851,854
849,851,852,853,855,1197,1294
852,854,1080,1132
1132
858,860
857,860,862
-1
857,858,861,862,1087,1185
860,862,863,1185
858,860,861
861,864,1185
863,1184,1185,1225
866,868,1320
865,867,868,1146,1320
866,868
865,866,867,869,870,1227
868,1089,1227
868,871,874,1089,1227
870,872,874,1147
727,871,1147
874,1088,1089,1138,1147
870,871,873,1089,1147
876,877,1319
875,877,1319
875,876
879
878,1105
881,1106,1168,1243
880,1105,1106,1173,1174,1243
883,884,1107,1244
882,884,1244,1351,1371,1393,1405
882,883,1107,1172,1350,1405
720,886,887,1170,1393
720,885,887,1365
720,885,886
1374
891,893,1060,1115,1119,1120,1206
891,892,894,1060,1214,1364
889,890,892,893,894,1060
890,891,894,1061,1213,1214
889,891,894,1115,1119
890,891,892,893,1061
896,898,899,1204
895,899,1064,1204,1324
774,898,1212,1364
895,897,1364
895,896,900,902,1324,1364
899,902,1215,1324
1061,1364
899,900,903,1068,1215,1370
902,1067,1068,1215
1072,1124
906,907,1066,1322
905,907,1073,1075
905,906,908,1073,1322
907,1065,1067,1073,1322,1323
910,1067,1068
723,909,911,1067,1068,1074
723,910,1074,1126
1132,1139,1178,1220
789,1076,1131,1219,1221,1287,1288
789,915
789,914,1081,1187,1221,1285
824,917,1222,1284
916,1222,1223
1081,1187
828,829,831,1139,1286
831,921,922,1149
785,831,920,1081,1149,1286
920,1149,1299
924,1138,1147,1296
923,925,1229,1296
924,1229
927,928,1229
926,928,929,930
926,927,930,1149,1229
927,930,932
927,928,929,932,1149
932,933
929,930,931,933,1149
931,932,1149
935
934,936,1108,1109,1158,1191,1242
775,935,939,940,1108
940
940,1096
775,936,940,941,1108
776,936,937,938,939,941,1096
724,775,939,940,944
776,1175
944,1177
724,941,943,1177
720,948,950,1159,1372,1373
720,947,950,1109,1191,1241
946,949,950,1241
945,950,1171,1372
947,950,951,952,1171,1241
720,945,946,947,948,949,1171
949,952,953,955,1171
949,951,953,954,1108,1241
951,952,954,955,957,1171
724,952,953,956,957,1108
951,953,957,958,1171,1372
724,954,957,959
953,954,955,956,958,959
955,957,1372
724,956,957,1153,1265,1266
723,961,962,1122,1234,1370
960,962,1370
960,961,1122,1370
965,1126,1231,1340
965,967,1231,1257,1341
963,964,967,1231
723,1258,1358,1370
964,965,968,969,1341
967,969,970,1239,1240
967,968,1239,1362
968,1238,1239,1240,1326
974,1133,1302
1135,1237,1325,1327,1341
974,976,1077,1237
971,973,976,1083,1237,1302
977,1083,1268
973,974,1077,1401
975,978,1082,1083,1270,1342
977,1082,1269,1270,1342
998,1093,1384,1390,1391
981,982,986,987,1093,1391
980,982,1281,1300,1390,1391
980,981,986,987,1082,1093,1300,1301,1302
984,986,1093
983,985,986,988,1093
984,988,1092,1093,1278,1279
980,982,983,984,987,988,1093,1271
980,982,986,1082,1093,1271
984,985,986,989,990,991,1092,1271,1274,1275
988,1092,1094,1275
988,991,1141,1271
988,990,1141,1167,1273,1274,1275
1094,1167,1275,1276
722
722,996,998,1149
996,1098,1152
722,994,995,997,998,1098
996,998,999,1004,1098
785,979,994,996,997,1004,1091,1149,1281,1384,1385,1386,1387,1388,1389,1390
997,1004,1098,1099
1001,1003,1094,1278,1279
1000,1002,1003,1004,1005,1006,1186,1278
1001,1004,1005,1097,1100
1000,1001,1094,1186,1276
997,998,999,1001,1002,1005,1278,1385
1001,1002,1004,1006,1100,1150,1151
1001,1005,1151,1186
1008,1153,1266
1007,1009,1011,1012,1153,1266
1008,1011,1012
1013,1014,1099
1008,1009
1008,1009,1014,1015,1019,1266
1010,1014,1099
1010,1012,1013,1019,1099,1160
1012,1018,1019,1265,1266
1017
1016,1018
1015,1017,1019
1012,1014,1015,1018,1020,1160,1165,1335,1336,1337
1019,1162,1337
1022,1136,1166,1272,1395
1021,1023,1395
1022,1084,1395
1025,1028,1167,1307
1024,1026,1167,1307
1025,1028,1029,1030,1141,1167,1273,1304,1306,1307
1029,1235,1236
1024,1026,1029,1030,1307
1026,1027,1028,1030,1031,1235,1236,1304,1397
1026,1028,1029,1031,1396,1398,1400
1029,1030,1032,1396,1397
1031,1033,1396,1397,1398
1032,1095,1397,1398,1399
1035,1037,1150,1151
1034,1036,1037,1038,1151,1308
1035,1038,1308,1400
1034,1035,1101,1150
1035,1036,1039,1040,1041,1101,1399,1400
1038,1041,1399
1038,1041,1101,1102
1038,1039,1040,1042,1102,1399
1041,1043,1399
1042,1399
777,778,1311
1047,1101,1102
783,784,1110
783,784,1045,1101,1102
1049,1161
1048,1050,1111,1188
1049,1111,1314
1110,1314
1314
748,749,751,753,1117,1261
818,819,820,1055,1117,1193,1318
786,819,820,1054,1193,1259
726,1210,1211,1364
769,1059,1211,1217,1363,1364
1216,1356,1357,1361
769,1057,1216,1359,1360,1363
889,890,891,1118,1120,1121,1364
892,894,901,1213,1364
836,840
839
726,896,1066,1072,1204,1324
908,1066,1067,1215,1322
905,1064,1065,1322
903,908,909,910,1065,1068,1073,1074,1215,1323
723,902,903,909,910,1067,1122,1123,1234,1370
732,759,767,1194,1199
732,764,765,766,767
771,772,850,1196
726,904,1064,1076,1124,1205,1287,1288,1289,1290,1292
824,825,906,907,908,1067,1074,1075,1256,1323
910,911,1067,1073,1126,1231,1256
906,1073,1076,1218
789,913,1072,1075,1218,1287
973,976,1237,1326,1341,1401
735,1179,1252
765,794,1180,1182,1392
855,1132,1293
788,915,918,921,1187,1285,1286
977,978,982,987,1083,1269,1271,1302
974,975,977,1082,1268,1302
1023,1235,1236,1395,1397
737,738,1224,1255
802,803,807
860,1183,1185,1226
873,1089,1138,1184
869,870,873,874,1088,1226,1227
828,830,831,1230,1297
998,1093,1386,1389
985,988,989,1094,1279
979,980,982,983,984,985,986,987,1091,1278,1384,1385,1386,1387,1388,1389,1391
989,992,1000,1003,1092,1275,1276,1279
1033,1397,1398,1399
938,940
1002,1099,1100
995,996,997,999,1099,1152
999,1010,1013,1014,1097,1098,1328,1329,1330,1331,1403
1002,1005,1097,1150,1312,1313,1332,1333,1334
777,778,780,781,782,783,1037,1038,1040,1045,1047,1102
1040,1041,1045,1047,1101
810,1104,1245,1249
810,1103,1249
879,881,1106,1107,1172,1173,1174
880,881,1105,1168,1169,1170,1172,1173,1350
882,884,1105,1172,1244
724,775,935,936,939,952,954,1109,1241
935,946,1108,1191,1241
782,783,1046,1051,1111,1314
780,782,1049,1050,1110,1188,1314
809,811,1346,1347,1348,1367,1368
730,750,1339
730,750,815,1193,1260
889,893,1119,1189
753,755,816,817,818,1117,1344,1360,1361
753,818,1053,1054,1116,1193
1060,1120,1121,1209,1364
832,835,889,893,1115,1189,1206
823,834,889,1060,1118,1206,1207,1208,1209,1363,1364
1060,1118,1364
960,962,1068,1234,1370
723,1068,1234
846,904,1072,1125,1291,1292
846,1124,1131,1291
723,911,963,1074,1231,1258,1340
733,734,1262,1263
791,792,1129,1163
1128,1130,1163,1197
850,851,1129,1163,1164,1196,1197
846,913,1125,1201,1219,1288,1289,1290,1291,1292
855,856,912,1080,1190,1220
826,971,1135,1140,1283,1284,1301,1302
1223
827,972,1133,1233,1283,1284,1325
721,1021,1272
1179,1180,1181,1182,1252
828,873,923,1088,1147,1184,1230,1296
725,787,828,912,919,1178
826,1133,1187,1280,1281,1282,1300,1301
721,990,991,1026,1166,1271,1272,1273,1306,1402
1143,1145
745,1142,1144,1145
745,1143,1145
745,805,1142,1143,1144,1251
808,866,1320
727,871,872,873,874,923,1138,1148,1228
1147,1228
785,920,921,922,928,930,932,933,994,998,1299
1005,1034,1037,1100,1151,1313
1005,1006,1034,1035,1150,1186,1308,1400
995,1098,1176
724,959,1007,1008,1266,1277
777,1155,1309,1311
778,779,780,1154,1188,1310,1311
746,809,1157,1250,1352,1367
746,809,1156
935,1168,1169,1191,1192,1242
720,945,1365,1373
1014,1019,1332,1333,1334,1335,1338,1404
1048,1162,1309,1310
1020,1161,1165,1337
768,791,1128,1129,1130,1198
729,1130,1196
1019,1162,1336,1337
1021,1141,1272
991,992,1024,1025,1026,1273,1274,1275
880,1106,1158,1169
720,1106,1158,1168,1170,1192
720,885,1106,1169,1192,1350
948,949,950,951,953,955,1372
884,1105,1106,1107,1173,1350
881,1105,1106,1172,1350
881,1105
942
1152,1177
943,944,1176
787,788,912,1139
1078,1137,1182,1252
763,765,1079,1137,1181,1182
734,762,763,1137,1180,1182,1252
794,1079,1137,1179,1180,1181
1087,1226
864,1088,1138,1185,1225,1226
860,861,863,864,1087,1184,1225,1226
1001,1003,1006,1151,1276
915,918,1081,1140,1280,1285
780,1049,1111,1155,1310
1115,1119
1132,1219,1221
720,935,946,1109,1158,1192,1242
720,1158,1169,1170,1191
786,815,1054,1055,1114,1117,1260
732,1069
758,760,1199
729,771,772,850,1071,1130,1164
849,851,854,1129,1130
768,1163
760,761,1069,1195
761
843,845,846,1131
842,844,845,846,847
841,844,847,1321
726,773,895,896,1064
726,1072
833,834,835,889,1119,1120
833,834,1120,1208
823,833,834,1120,1207
1118,1120,1364
726,1056
769,770,1056,1057,1217,1364
774,897,1364
892,1061,1214,1364
890,892,1213,1364
900,902,903,1065,1067
1058,1059,1360,1361
769,1057,1211
789,1075,1076
913,1131,1190,1221
912,1132
789,913,915,1190,1219
826,916,917,1223,1284
826,917,1134,1222
741,742,1085
864,1184,1185
1087,1089,1183,1184,1185
868,869,870,1089
727,1147,1148
924,925,926,928
828,1090,1138,1296,1297
963,964,965,1074,1126,1232,1233,1256,1257,1325,1340,1341
1231,1233,1256
825,827,1135,1231,1232,1256,1325
723,960,1068,1122,1123
1027,1029,1084,1236,1397
1027,1029,1084,1235,1304,1395
972,973,974,1077,1341
970,1362
968,969,970,1362
968,970
946,947,949,952,1108,1109
935,1158,1191
880,881
882,883,1107,1351
810,812,1103
731,813,814
728,731,814,1349
1249
1103,1104,1248
746,747,1156,1352
805,1145
734,735,1078,1137,1179,1181
738,1254
739,1253
1085
824,825,1073,1074,1231,1232,1233
964,1231,1341
723,966,1126
818,819,821,1055
815,1114,1193
1053
734,762,1127
733,734,1127
-1
959,1015,1266
959,1007,1008,1012,1015,1153,1265
1362
975,1083
978,1082,1271,1342,1402
977,978,1342
986,987,988,990,1082,1141,1269,1402
721,1021,1136,1141,1166,1402
991,1026,1141,1167
988,991,1167,1275
988,989,991,992,1094,1167,1274
992,1003,1094,1186
724,1153
985,1000,1001,1004,1093,1279,1385
985,1000,1092,1094,1278
785,1140,1187,1281,1282
785,981,998,1140,1280,1282,1300,1390
1140,1280,1281
826,1133,1135,1284
824,826,827,916,1133,1135,1222,1283
915,1081,1187
787,788,829,831,919,921,1081
913,1072,1076,1288
913,1072,1131,1287,1289
1072,1131,1288,1290
1072,1131,1289,1292
1124,1125,1131,1292
1072,1124,1131,1290,1291
1080
849,852,854,1295
849,852,1294
923,924,1138,1230,1297
1090,1230,1296
830,831
922,1149
981,982,1140,1281,1301
982,1133,1140,1300,1302
971,974,982,1082,1083,1133,1301
721,1342,1402
1026,1029,1236,1305,1306,1395
1304,1306
1026,1141,1304,1305
1024,1025,1026,1028
1035,1036,1151,1400
1154,1161,1338
780,1155,1161,1188
777,778,1044,1154,1155
1100,1313
1100,1150,1312
1050,1051,1052,1110,1111
807,1316
807,1315
795,798,799
819,1054
875,876
865,866,1146
840,841,844,1203
905,907,908,1065,1066
908,1067,1073
896,899,900,1064
972,1135,1231,1233,1341
970,1077,1341,1401
972
1099
1099,1331
1099,1331
1099,1329,1330
1100,1160,1333
1100,1160,1332,1334
1100,1160,1333,1338
1019,1160,1336
1019,1165,1335
1019,1020,1162,1165
1160,1309,1334
750,1113
963,1126,1231
964,967,972,1077,1231,1237,1257,1325,1326
721,977,978,1269,1270,1303,1402
750
751,752,753,754,755,756,1116,1357,1361
1394
1112,1347
811,1112,1346
1112,1368,1381
728,1247
884,1106,1170,1172,1173,1405
883,1244
747,1156,1250,1367,1383
733,734,735
757,758
756,1376
756,1058,1357,1376
756,1058,1344,1356,1361
966,1370
817,818,821,822,1059,1360,1363
817,1059,1116,1216,1359,1361
1058,1116,1216,1344,1357,1360
969,1238,1239,1267
822,823,1057,1059,1120,1359,1364
726,773,774,890,897,898,899,901,1056,1057,1060,1061,1118,1120,1121,1209,1211,1212,1213,1214,1363,1370
720,886,1159,1371,1373,1393
728,813,814,1374,1375
1112,1156,1352,1368
813,1112,1348,1367,1375,1381
747,1382
723,902,960,961,962,966,1068,1122,1358,1364
883,1365,1374,1393
945,948,955,958,1171,1373
945,1159,1365,1372
728,888,1366,1371
813,1366,1368
756,1355,1356
754,756,1378,1379
1377,1379
1377,1378,1380
1379
731,813,1348,1368
747,1369,1383
747,1352,1382
979,998,1093,1386
998,1004,1093,1278,1387
998,1091,1093,1384
998,1093,1385,1388
998,1093,1387,1389
998,1091,1093,1388
979,981,998,1281,1391
979,980,981,1093,1390
765,1079
883,885,1365,1371
1345
1021,1022,1023,1084,1236,1304
1030,1031,1032,1397,1398
1029,1031,1032,1033,1084,1095,1235,1396
1030,1032,1033,1095,1396,1399,1400
1033,1038,1039,1041,1042,1043,1095,1398,1400
1030,1036,1038,1151,1308,1398,1399
976,1077,1326
721,1141,1269,1271,1272,1303,1342
1099
1160
883,884,1350
