42.6017806736
8.26386417601
6.03153252031
26.9439445316
8.15292318017
8.75849909021
21.7996646267
5.71944848086
17.5439462671
15.5903222372
4.31708203861
1.91696810938
10.9634446443
10.2969026529
3.37764534896
6.6843614844
5.58529291298
16.9127195273
9.47376318638
11.724393672
13.7856664687
3.33249648276
6.84817960568
5.10812973641
10.751203734
7.14524049588
8.77408726872
17.0570494947
10.9865425821
35.6948677989
12.1872472057
2.90205619777
11.009247121
20.0391301851
9.29133827615
4.71844013094
2.59143980726
5.68126535506
8.17837053071
0.515442444341
20.2219806282
6.51467638668
7.22783532359
5.11227424466
4.88452001261
1.5314619817
6.16392260269
5.07208403987
1.67909501529
6.37722094715
8.05230975829
4.08656568809
7.38949751663
21.4807610787
1.82363809181
22.1823321556
21.9173229864
6.56014739081
39.4865584134
8.2230959729
24.8570415647
7.17649052977
8.54487914165
10.2270900074
6.47269102316
8.10628638657
3.02508877606
1.92975506739
3.5321092681
6.99393120063
0.630678761966
12.4550611544
7.92134276324
8.43400033653
5.61287255739
5.35821757483
22.2565727492
5.98686652522
9.41540319103
4.08125804566
3.17904616658
5.36486949962
11.3754436728
17.2131476694
8.83504787263
9.89998140888
12.6531545495
10.0512135805
5.56355199003
8.17812049693
6.90378423856
7.67930913319
5.88947913883
7.32153728792
8.85171926525
6.98721132604
5.07939656266
5.5309514447
18.026449364
1.10091475615
4.80166878863
7.48577482756
2.40693931164
5.93411024689
0.89481483922
5.94253316628
25.7595756214
4.67958951926
7.03306986671
5.61558743849
7.52680560085
3.33622065788
5.35598375612
12.0589339836
8.71622807294
5.85728998731
11.7098490155
2.68465458887
10.8359901432
6.97579304861
0.708969263039
10.3570188367
6.32369355453
13.5073081267
14.2982803231
8.33396850079
6.67831788455
4.04702490625
9.13825403037
3.00277973767
1.39675578454
9.37446213363
13.6427643235
0.475866730174
14.2472168216
15.912947281
5.07936855762
11.6539811007
2.51016361875
8.45041806761
14.5312027689
11.9935135416
10.9448325247
1.38702648629
8.29775298335
4.0599215324
8.69242756997
4.1923607122
7.96978014585
7.40279171262
6.5503194976
4.98621841182
7.00332157241
1.70869272433
11.0066616453
11.4416100904
7.74353486244
1.82706694347
3.44867937979
9.97874520582
27.7531146074
5.98955142208
4.15606635956
16.2492958787
8.53719508259
6.07242437965
16.9201510957
9.58985747426
9.03733747063
6.61466539297
0.824657404189
6.56295391356
2.66248486947
4.80827523472
2.63254203302
5.57470211502
13.9103688778
12.6465676089
4.13688093113
2.3474294003
3.26924890292
0.918352569857
4.8542295572
6.16376929789
20.4504740193
7.23076187761
3.16152631087
2.21683776355
7.6632732958
2.85507275361
4.87713207079
9.30129508587
4.91286213944
2.50273707256
4.73794976141
11.6717553598
9.0421483321
16.8287911033
6.39625278904
4.55835934398
9.85152169122
7.60927211031
3.72387393962
15.2647811193
8.00349024114
7.72565109903
5.97471253298
1.40302109079
7.52064329062
1.536891831
9.22002692079
5.55048924268
7.38663967144
10.0962271659
1.37594541516
5.91250787775
10.1168239963
4.42982080759
4.96707652742
12.1869516846
1.73423555104
4.51702869394
3.06923725094
5.65328428292
3.18394995395
1.42180706873
11.4575154627
7.54848727574
18.3459326294
14.1023505403
16.4203104761
7.14699144336
10.0374771002
13.9211846043
1.95547383089
8.06447383838
2.61386735628
6.28077574494
9.34106147947
13.8755770952
5.69072005831
16.4826313994
2.36997824578
4.91428802846
6.2357650235
18.7566182813
2.8574545476
5.41388101343
2.44938921463
8.11692482761
8.84733149699
11.8593005173
22.8653008083
7.80323921633
3.57071769051
4.85594427146
9.11016970569
7.49316857669
9.72693944422
3.15400369732
6.19780504012
7.0003778337
11.2806786509
6.61411365094
4.84573882767
18.5034363663
19.3764368564
8.31705727819
8.35503234064
9.8576867534
11.3852360064
7.45260706156
8.11807763768
13.2056159671
5.55562079789
11.7717230148
6.50005995711
1.83443284047
11.0698907908
6.71773081139
6.11703207564
6.50933426421
20.8931777542
5.84306518538
5.4192540695
6.41402778622
5.53411098882
7.15757298902
1.10753454222
12.7776527204
10.7687014588
4.54164404953
5.08134686609
4.6400092979
1.65283549351
4.76079149021
2.75747921146
2.51698034655
6.32262155706
1.44979808041
11.2698297387
3.33904868884
1.63268824971
0.822608074018
9.51497295742
0.743038788545
13.2564064818
13.3610167447
0.463161274313
24.1369171646
23.4659370079
22.6252475962
12.7761595013
8.33427170562
7.92351207756
8.02881805112
2.40502931423
6.12748638343
8.21298894589
10.6380297036
8.14537537976
1.15787185973
5.32160877104
4.98076874269
10.3370956888
8.808517034
3.50667424911
7.23230504244
10.6346552767
13.3546330715
13.3631441514
8.87614611231
8.56441342665
5.03053182957
8.64958185716
10.8150719902
18.8995855039
5.05065983896
6.79911057014
4.79993500116
0.989759722111
5.80242960003
6.36584291774
4.78435384841
4.96409277442
2.2669717785
13.1224279916
11.4393521619
5.4419716345
3.3316943018
12.8380654222
13.1638388914
14.7912634391
2.94002868404
2.84050859155
2.64056402214
12.3196463646
7.55318887481
8.48364828561
9.14631430377
8.22050350721
4.31165661368
29.1543985452
5.51429311519
6.73754801061
11.6255253177
20.6123432178
29.9945859351
13.3716573375
15.0130177506
0.637877337152
32.6064095809
5.24113716483
2.24310682225
11.3665026644
7.4450482921
9.18849694676
7.03139581425
1.35605425914
6.96733762148
18.5575792744
8.2087092784
4.99702290673
10.2835494153
7.37385759412
9.49528469744
1.40891613707
3.65741201542
12.3432355636
6.92900727083
2.68183265954
13.938806433
6.84073477969
19.2104557575
33.8681597134
4.72575220543
7.9556986866
3.87938974157
7.21395868484
6.13063547164
14.0363442164
13.4486116591
11.3360523311
5.3354950523
2.32902473328
2.24137509056
4.45815787274
5.96232949597
5.47506810964
8.22033411622
16.0621289316
5.14353718128
3.99117157113
11.873905573
4.36530975921
1.91466613745
5.85718143319
6.69097291604
8.33905959741
8.04579099872
12.6149323592
2.30804554634
2.5019829272
8.95074046672
7.72741015538
1.01489869121
2.6418314824
11.4652070664
4.91799331308
0.762951402505
1.20759517543
4.1603782717
1.9263236301
28.2699729877
6.04582662912
12.3972709737
5.89306329915
3.9192378396
3.16075336724
4.57053616321
1.60157364521
12.3197925597
8.57715025654
13.0113137201
10.2376644166
5.45786296407
0.761192847997
4.9146713956
10.8507029697
1.82326112258
0.89548826352
12.6900882343
20.2524046028
11.4560768804
14.5815869955
9.17077925925
16.0551409218
10.3041686856
2.72209066459
18.1085334948
3.47055206175
12.7322698256
4.37580095437
11.9247134657
7.24753732108
4.92838268746
10.2557888303
7.73074405386
4.98750618553
8.8376902354
6.14816174631
11.0326217717
17.2884345067
6.79299183669
6.06736703749
30.0569530169
13.9962431076
8.15342111631
2.49416071857
4.73759574556
14.1043496138
7.02396193302
0.6481252416
11.4977863688
9.28571486912
1.69941961376
4.76044270255
13.265263018
5.28267126003
7.1801228823
1.61906709937
13.2709679329
7.99921553167
6.74315163755
8.51438941964
0.624935664844
5.61521952159
8.88098650946
13.5204799071
5.01889092699
11.442118671
27.9510312641
9.82911070258
9.39717470433
7.03264004828
12.8772219852
6.72081059902
1.47828541629
4.47762737628
7.70943070601
5.00899247852
2.09072645065
5.61928486645
0.902768743545
15.9549237056
0.509819870093
4.51835945147
5.33442375803
5.05631948623
11.8727213579
4.85051652974
10.1974447918
1.95383306702
8.38996278437
17.143842561
11.8293086645
5.95745050496
11.2813414186
5.95340566677
1.83925672368
23.435028082
7.76978035179
18.2511677553
17.0084875177
14.9597069578
13.3709821162
21.3603493455
7.51385793499
19.0021478417
2.5209092019
3.99833570261
7.81279864228
2.0299920374
2.549855134
17.7674273526
1.14987634517
8.33683957909
5.66825696327
4.56239603368
15.0753594652
10.8018594086
25.2415503163
0.534219434358
14.1113543372
12.7575166447
2.19695228453
14.0708364155
2.46094459558
4.09251936372
12.6322329043
18.3385593501
4.49974327873
24.2431303325
12.6515995023
25.0539889339
11.3771920099
6.88255698615
10.7088127664
5.85349188348
9.70822275693
21.7654757594
20.3640082688
15.2597989585
22.8908534512
20.0972239501
5.67375176926
1.11421852774
12.9406205122
34.7959362131
9.44510532756
2.98046124334
3.58588940063
1.81326941624
19.0374118462
28.6333993903
1.89834392101
19.892328285
0.663502754255
8.24762919081
8.2425954845
17.9368212299
32.7185894445
28.39928282
19.6802084186
17.8973926746
10.0242261507
4.11404020005
1.52802633194
2.59482947733
0.775632999247
28.2519372167
0.10816658179
2.50481377591
24.6966802626
8.38722526036
4.08877774748
1.74939712977
19.7100810416
2.22657952964
18.8355496907
35.030686047
21.4906675469
0.129484587917
15.0610677113
7.34219569448
18.0481453599
19.8121281305
10.8777824404
34.2193083268
14.8924182905
24.2585802976
18.5334717914
12.9815750037
17.4666021144
29.5652289612
41.9917164597
10.8213670371
48.8937978818
12.2805904356
3.13769320867
16.5347671229
19.7445032956
5.33567803271
7.45703559376
10.5247976796
27.1669064409
4.74573610346
2.93248270626
16.166357467
19.4443155118
6.1325424857
12.489627013
45.152256869
2.41156652575
0.677901112687
21.5353160343
10.6192974246
0.840117368631
21.1694317845
19.0507263761
5.03325323495
9.41274757068
8.75242912496
7.27946731539
8.09914198996
17.563818687
1.5362150798
17.2131198522
5.45192231885
7.53310834089
20.5534381387
1.0753939102
2.47032959972
9.35908437373
4.61595067524
11.1792133608
25.4864907358
15.8154549144
2.84370918442
4.12743894998
1.67381458015
20.8932820841
11.2114875233
1.3406498031
6.3499008317
10.8493599578
27.137326209
0.265947435583
24.1633041496
43.6687639172
5.47238838118
10.8568790624
12.8129637633
18.9858026651
4.69837364911
2.63699942926
5.24899183503
30.9155359658
15.0722538202
3.93344389982
20.029878674
18.7220050638
16.5858910393
9.04904369054
19.157695661
8.66504159198
20.2065244629
14.9567960025
14.3133099409
13.5214531556
21.5148782219
12.579580366
13.6383348561
6.64959126075
5.65355195477
22.2436763006
7.24907747381
10.6671026027
4.93717309622
3.36384313057
3.1175878135
0.912031773693
19.3873241933
8.19062631794
6.46474141792
6.79773860471
8.53886997953
5.29558082185
1.58717470237
10.0849119192
35.9115789473
20.1423744474
12.6985025974
39.7274156882
35.3316164627
12.1083323642
16.5787220341
17.4742045928
9.56844636455
9.59108873505
32.4518910824
9.36954998881
5.51391084304
17.4957214486
8.86656803765
14.7651197764
8.94249535124
9.19772263688
9.65418033171
20.015411274
6.891486821
7.5794330299
11.3286955369
5.519361594
7.54974379339
11.7073761877
2.57912483719
15.0156298173
17.0975628174
10.1354109932
8.80507255834
7.36709351663
6.77140759572
14.2885836278
13.4722588774
7.33832493137
25.2963112787
4.27853220211
11.6585378079
17.1416352746
10.245350861
14.0504076502
7.12445036526
7.99151364823
9.91784079397
15.706165109
5.92103656578
18.7375740648
6.14843311058
14.8907486884
6.77785381303
11.3776310505
5.22246983202
17.8970463119
9.2772042727
17.6214763122
5.53356937267
14.0505701124
16.8264985453
7.20129843648
12.2204816206
11.2516375681
5.14683654262
8.23911071151
5.19974161873
15.774211346
5.69037262659
5.24261296767
4.67312244574
7.90588286148
7.67726347725
11.7251526022
7.29661213452
4.44547652075
11.8586436506
14.8578922607
13.4990292513
6.27706708017
8.36533404515
13.8946925641
6.23676985689
15.9672657402
8.03414881534
14.849668072
16.0215758326
14.0153805265
9.42767777346
4.2332023834
6.71026603849
10.6018491348
9.82729138087
18.0340654319
5.28826596588
5.44786031229
3.12872620924
11.166862558
5.10665147406
8.05775081032
20.9147614288
8.86832577142
10.1965212486
10.6639119066
5.61412489361
14.1166239704
14.6989142204
7.26049886405
11.8841463847
5.16658245254
35.4751828062
5.07402123511
14.3064200044
17.0940263642
10.5373943786
6.76949902646
4.65255657554
5.84474483605
12.6866455781
3.33225147035
5.10001498976
10.2329168757
12.3882717579
15.222377753
14.9366520135
6.39810930662
12.5015782123
14.5234616713
21.246797934
11.1019292049
5.892099088
6.76402312751
10.4567204097
12.2242768635
10.0179611031
13.0475774737
21.9787737515
21.3418177785
2.3237957946
7.96539616151
10.0010018808
8.507603548
17.1634848895
9.73632462952
2.94060471362
2.69510227565
8.6733388017
7.15976748069
19.2790249126
8.4962773837
16.5400787519
7.99813116064
12.3144769868
19.9632728962
8.51321774135
9.89036831234
17.3648240281
9.63438777953
10.6596007144
12.5648976174
11.9815100014
17.3920608268
8.6913199162
16.9436074713
2.2891386254
24.4131290993
11.4581001756
17.3069561969
7.84678177562
11.4038227644
2.47189322135
18.4750904974
10.443744532
17.7388665188
10.0559890802
39.1517263293
11.1772406439
6.91495366102
5.90107815328
9.07018725439
18.8743129484
21.8748039381
11.1020178831
10.5603211495
23.6203857282
6.1357013067
13.474392017
6.90680924274
3.43598002355
4.51680927729
5.93605588355
4.19082192903
8.3485793761
12.0331601456
10.1442833808
10.8528356334
4.88712269809
11.9362350051
6.25218591262
3.30030039395
5.99346324777
10.973702909
8.12827845113
8.1735169167
12.3348164232
7.82397702629
12.2672808734
14.7342537773
15.3927431656
6.76623165461
16.2341176033
7.13911345133
7.10139099978
7.61386402172
11.6012607372
9.77343394175
6.69997413898
20.7295835026
5.68333676921
11.5456569614
10.0871437355
9.88971878316
20.709234083
16.2055886422
7.32032840468
7.55615892353
10.8064547571
9.80673341264
5.72171146774
6.29597914851
5.93205738512
11.3584820972
24.9764638122
6.61967976788
7.53711370473
8.81182191759
10.0935789767
12.4865599027
5.64701495882
14.3114531717
7.87275628311
17.4721277091
8.67353848974
6.89103680874
10.5997594675
8.68177236857
6.07813330535
13.4773740415
19.2640439707
19.0369047269
6.09962971412
7.91669203894
11.6239516543
4.91734680357
9.98166865428
7.20753168935
10.3723356535
5.96268359152
9.46261208678
6.72165691112
6.97846138067
5.20466849247
6.27771902602
13.1205754549
17.3540191148
2.36599164852
6.75569327778
8.17450498767
7.39574118392
24.5235043846
22.0172212111
7.19135356068
8.57054073584
3.69603188356
5.25086871783
4.54532294163
13.1745165693
14.204618423
8.88198137475
7.8091393006
30.8913044415
6.22848289338
12.4734452979
7.25370181761
11.7784703567
8.14056258395
13.2991356627
10.9586821523
12.5079633432
7.67047907962
11.1391241179
6.84560518172
4.50537686847
4.31487759428
8.70644480871
18.4668142241
22.9057266884
10.9060417016
6.8448108814
6.01733259231
7.84150646072
28.8198644985
10.3384656281
15.7987202744
17.9783444612
14.0151906395
6.43279638187
5.716544494
24.764972203
7.23717063332
4.18886344982
14.6913352785
14.5086137074
5.30358890834
1.35150839777
7.75151820001
18.8190993982
10.9461899517
7.83864404496
12.1674621174
9.52052305753
17.0785918973
31.2069785663
16.1119989719
5.80921732978
4.94749648342
4.85860022054
2.85765376529
6.61195218506
10.6890623579
9.4372932823
19.8137504985
6.19137675499
6.34929762994
14.8407404804
24.202341498
21.4443252427
31.2092701213
20.34250318
23.8016426592
20.6450724282
24.6560525749
20.1448879371
14.0553139932
23.0806809288
26.4047304634
25.5967094022
15.8551436726
7.62051461325
27.5424922691
22.9769035512
25.0828425195
31.4416506079
11.9649470017
30.1836210145
31.3426872525
25.9879253104
20.0520663101
13.9709209782
14.6704248255
15.8657290955
16.0873470268
10.0122590427
29.925594297
13.9831004891
21.9446001664
17.8603683438
15.437530365
16.5263766793
12.1396526002
9.95706427826
33.509241507
10.166944648
4.16710513194
8.25408644921
24.6489913232
19.8519817279
2.09940037633
10.5707137755
13.8791184862
23.521882329
33.8486821804
33.878790038
31.3820098923
24.5485127922
17.0654635816
5.72848252504
17.8326159717
19.0245726432
18.3836128136
16.0969567794
5.55820133732
19.8302325027
16.5210740392
17.0985100181
11.9078806874
16.5143796799
34.637508737
28.7333475137
17.3752847797
13.2460531216
23.8840336534
27.5894660708
8.71630243961
23.0151743242
17.6300270365
19.5966072281
6.75501908266
32.5302059649
6.30816918936
17.4681236933
16.2682896598
29.5942661714
27.6906821812
33.9946561564
35.6884215433
0.905265608915
17.8828935287
29.9274262974
10.8994967913
21.8977210208
33.2949367739
31.2008954388
18.5590965786
5.06425269078
9.45485771033
3.70001418856
13.5925490381
13.3431210621
32.2398187465
10.4930675468
35.0519508343
19.432500907
21.5778055214
16.3961436161
31.7635049643
11.2949377383
14.3170045753
13.3684272992
17.1054791715
20.081258624
18.1401155628
22.1859347602
24.1554045739
12.3766833392
12.7455908388
11.3818083115
8.72405547021
18.6076533674
10.5731152373
11.8791390367
7.37964589912
9.05505822902
7.10026899777
11.6882191856
3.73402590209
6.35716423957
7.19003922171
6.82289092554
5.92652631033
15.7188737653
8.92931852645
5.15267939519
21.4069794093
9.72467332886
14.280990202
19.7771878065
19.7934109038
10.8845141208
15.7656158399
9.67374260237
21.6700607875
7.59805529631
10.2002220376
8.12783916037
21.0347252544
5.55696612
6.0392001766
13.4595439688
30.4618860979
4.47597569007
5.03852021926
11.8666881998
3.60027595269
9.17458142884
5.65274873197
11.7225314779
7.85652887937
4.09540875863
1.91351993684
4.32252081484
11.3773758937
1.66148705063
5.80481930576
3.01016200174
2.32500023508
2.29370022336
7.26461161748
16.631055661
2.40479057109
17.5087764453
21.3104317192
2.04917947801
7.67150699744
8.83140762637
3.04046800947
9.39607237644
2.54733246142
8.73360495963
5.85443262502
9.58719900607
13.4300684022
7.80700492668
24.6887804289
2.92309837699
13.8034248118
5.03754390663
15.2447905721
20.142180275
5.25384976095
2.56265537856
6.50453162215
2.78423296887
2.45016779137
2.97085056561
2.0208173104
7.66096853889
6.98148068245
1.84329091663
3.26024571159
4.70211560984
2.73766882875
2.51182793652
5.03933525525
6.23663815398
2.54601364503
2.14482974118
1.35586768757
4.56975912236
1.98010043063
10.582166104
4.14570679904
2.18102227687
2.93416809415
2.34128193021
4.5842584014
2.847668307
7.73453861988
14.2820782522
3.74049713812
4.58023614719
2.03876669754
1.35603037701
17.9075346885
11.8619204447
5.88075491758
2.9249771949
3.40729097017
4.95163159581
3.72276215822
8.9370988297
3.3128443199
4.30880709481
9.25799025379
4.22982614247
2.88768241258
10.4175448923
6.62656842759
7.83599502589
1.75041173039
2.42743695396
2.9553822026
3.1758105684
1.81892438624
5.33780952319
8.24303604313
2.19078185703
4.6309222923
9.37337666876
3.73510268382
2.39799411076
4.32416799511
12.8201768418
8.44469670834
9.61270291963
3.57135120972
5.07152315456
3.11959035446
15.9399627164
2.39314421813
3.21967388759
10.5096480228
9.44908449332
5.3499464179
1.95472957905
14.9519662124
9.77931146907
2.96736451802
2.37285046319
5.20494766986
1.94808027956
1.45538175976
3.48153633116
3.92388607128
10.3257496482
5.5062477158
12.7101991958
2.26628157133
11.6606714143
0.874697411023
1.7610918741
3.18149255667
1.92642257649
3.31109060915
1.19430222697
0.873488291013
1.24565948352
6.08140933278
1.91591940635
7.0456217045
2.5154604397
1.53415382622
5.64057851566
18.0396438694
10.8703769672
13.3322619913
21.2284634353
5.2474677856
2.07103977017
4.95270235636
9.51998365997
7.95303832081
6.69046143795
7.1817894709
1.70456071789
0.860365779321
2.0794964143
0.838657775314
0.464365143267
0.493751831108
1.04653479963
1.01051155106
1.41445951437
0.386400602326
5.24469164604
2.65115583184
16.0363449036
7.648318924
0.338418503598
1.74411934499
3.32050544611
2.92882333213
12.4766207126
2.81799411235
2.87161912077
2.25076666019
4.59507588886
0.568853461567
0.199634555667
0.677549700125
0.331055266054
0.67409470799
0.273263216046
8.23642171149
0.84203676871
1.33144588129
3.04765672419
1.48410004488
6.47674672751
2.30404073187
2.80908424197
2.24620822604
2.88186776955
4.83714209311
1.23878391253
12.781265061
5.22324163066
20.117113646
9.90307750308
11.9211829145
10.2584762043
31.4571038014
35.0513843863
10.9216771422
7.1996316883
0.544418131024
0.41613739705
2.87589513634
