259.244687772,151.480791878,1026.63851861,115.277830378,592.433009145,251.883301217,406.059311126,1181.31339193
490.685410854
750.810278456,653.19
387.71725263,183.812106863,0.001,425.411572736,375.887935795,575.302851693
499.666319672,115.796900945,555.718270518,553.0
555.893829747,124.734650806,444.862624687,426.011288588,78.676680609
300.896093656,204.534944785,148.639515551,606.181315086,329.019772071,899.378208082
265.770654693,123.719182061,0.001,675.061496815,146.071809015
591.37,268.28
591.37,413.376883715,336.437991376
268.28,413.376883715,0.001
314.183669461,256.653255399
251.626897446,198.243164672
314.183669461,251.626897446,683.545655612,54.3859072827
472.510491285,117.598905989,429.476130243
232.489282109,383.21313517,159.79,0.001,262.71504376,0.001
246.148541682,350.905240926,693.405576818
409.037326435,409.624085119,73.0013882871,345.916207076
159.940525264,367.962613592,56.958520763
409.037326435,159.940525264,267.159392201,395.188668575,284.96683353
367.962613592,267.159392201,322.668994875,581.230740141,126.53945359,57.1999486997
0.001,449.221142856,63.3941899674
196.517225085,757.2,205.032407909,67.4669312832,274.778185694
141.234947712,50.1475166505,24.41,500.145197793,156.748846512,503.106985471
413.761751458,349.433961887,318.661500147,173.21514617,207.761408154,205.387966591,367.328781617
0.001,484.221055319,508.689538791,173.4957402
600.243676454,65.2137625801
217.594052094,424.530658261,156.140438468,243.796920893,468.971732878
472.510491285,207.178920953,547.365137733,689.605626565,405.07,200.126736611,113.480895773,388.798464464,108.052742162
187.737700493,372.650216171,658.89312576,405.603904597,918.09582842,634.845492433,273.798032262,0.001
495.211752011,628.714593274,196.883193081,177.068923987,108.061367454,64.5171986485,275.300464499
141.234947712,292.668450239,226.478567101
675.678022495,384.17,250.268290272,56.6844249635
232.489282109,542.604693474,81.7654283619,205.055944471,132.686938556
300.896093656,17.6947229119,222.103267736,478.575678478,190.607880733
322.469547614,49.2582819707,63.7643548326,411.993398623,95.327793723
22.0489888573,160.950207765,126.271087572,156.155607271,100.6106628
50.1475166505,239.290755855,100.857376141,607.395285978,309.065560559
454.699978477,415.251612159,191.320636541,226.398165022,286.700014287
208.229544307
311.335797435,237.782572583,704.898436373
220.76,446.244371043,165.699823374,169.288470876,416.669085608,0.001
215.979090818,68.4211149167,351.062788323,730.325972284,0.001,509.333687534
220.76,215.979090818,348.520841611,201.64,166.762075809,124.789124761
446.244371043,70.2597175088,253.972802515,0.001,286.912737054
149.116985518,198.51693188,138.771007594
129.094585148,72.9143746421,368.196880789
149.116985518,432.900104562,337.619427663
64.1501176138,381.410734146,256.629099364
64.1501176138,334.317323492,243.598072919,119.099041024,295.632417187
407.495595411,37.9105067712,117.586573372,268.067290773,400.030901876
387.71725263,82.8392023496,226.720870748
536.171566718,330.598914374,152.851622141
223.136579269,562.158041796,219.935168525,633.609334866,63.4669043104,757.96
536.171566718,152.997678997
610.982760205,134.077228002,557.268690636,469.143955802,138.758043307,195.72736109,432.367886142,495.516459932
383.21313517,542.604693474,178.381831317,97.1774891986,469.15,0.001,309.308044747
322.668994875,421.820276965,137.993382856,249.923555147,114.804564712,0.001
56.958520763,581.230740141,78.5356556672,569.52,272.030687096,828.928756504,368.001585506,157.503031028,139.203273903,873.93622105
407.495595411,834.386232414,180.835452445,0.001
204.534944785,367.175343491,279.969082142,583.160733531,76.0569462081,89.6901282348,498.707408196,1114.37201611,454.723393713
91.8560850772,598.48,208.150521889,461.823379616
91.8560850772,462.415137009,97.2827115237
598.48,462.415137009,142.226970841,347.048723088,408.86
142.226970841,144.426595588,150.98870255,96.237329432
84.9916108582,146.385066402,75.8420431377,252.43375406,91.3590385064
367.175343491,59.6913326446,182.218487563
279.969082142
0.001,183.50598505
583.160733531,318.321831761,76.7992433891,112.029140197
91.1094774764,104.212725144,184.319920074
91.1094774764,215.574180125,223.725568396,391.496717727,0.001,296.238630437,335.002362979
600.243676454,604.49,397.509000536,64.7793441991
604.49,178.824712267,184.942633041,188.870647139,378.03
85.2143098401,289.304816262,32.8975731404,436.670827281
256.61430557,479.433944206
380.856442516,638.27828575,449.115406727,494.010794798,250.835242326,109.090079149,202.299615158,388.050433034
271.583461879,99.6846443396,397.878288599,121.948939703,446.119843135,43.1238232379
81.7654283619,0.001,462.650395357,374.733171603,293.794366343,304.717307886
159.79,205.055944471,0.001,391.752200341,504.947498761
106.225904262,38.9889039847,54.3134105563,168.281329141,293.657326783,101.3239268
106.225904262,589.359877409,618.621698834,0.001,117.268186272
0.001,793.315204066,589.880167523,0.001
596.908138012,651.758836794,419.94,97.2251115735
0.001,54.6511992271,152.541497984,678.612929985,334.402866239,131.570936559
232.140025583,161.718400024,271.873638585,113.289174831
76.0569462081,0.001,232.140025583,580.505127825,407.807179994,459.332207569,94.4853737389,467.875399618,421.524268288
161.718400024,580.505127825,228.94350995
148.639515551,89.6901282348,407.807179994,882.010265542
399.715253653,250.701974315,114.86598947,469.812820087
399.715253653,602.281934878,193.39,50.2234845085,216.200800753
602.281934878,288.860917052,285.971328583,0.659290764549,144.751509893,165.093514
193.39,288.860917052,128.027876558,500.064582434
37.9105067712,47.179063986,410.277755409,354.679146049
183.812106863,117.586573372,82.8392023496,140.820237357,322.629952796,76.4499104452,115.232427935,335.25381121,208.278058997
78.5356556672,834.386232414,0.001,340.206436424,487.406328549,0.001
268.067290773,180.835452445,140.820237357,0.001,235.59652731,122.780482075
322.629952796,235.59652731,388.047549016,240.705846584
271.873638585,76.4499104452,388.047549016,100.266448905,417.720511358
25.1578539377,149.56
135.319871875
161.84,166.316278766,279.400821573
161.84,93.8628637098,68.5111084701
352.890430654,499.76883165,208.262155589
52.6773849641,380.8152496
166.316278766,93.8628637098,513.119293294,397.964633963
135.319871875,279.400821573,513.119293294,0.001,150.203348809,0.001,214.738452417,142.295097724
326.805225304,491.562943247,195.83,59.2712330111
0.001,78.8398791732,804.727927209,522.23
64.6778622962,0.001,670.046966857,317.045546989,120.947141265
64.6778622962,755.236194545,127.978182873,461.010002474,500.770820836
150.203348809,78.8398791732,220.143978642,273.889925551,0.001,161.468721182
326.805225304,183.588400574,171.144271327,362.769432711,98.0186568013
491.562943247,183.588400574,51.2301280609,407.036160856,0.001,136.839877145,163.828345197,406.123111769
220.143978642,422.808354638,411.72,139.143387567,235.298804927
0.001,0.001,273.889925551,422.808354638,208.507721736,166.844414862
195.83,51.2301280609,63.8173582068,314.331947971
407.036160856,63.8173582068,117.607032252
352.890430654,287.105050146,391.304000251,150.970381366,102.154523304
59.2712330111,171.144271327,314.331947971,397.617741077,0.001,167.789528266
116.961805671,90.4768074325,53.6894760491,0.001,129.561519436
383.014084906,0.001,120.613170255,347.431469084
413.761751458,127.870099288,0.001,652.122937872,246.169641553
349.433961887,329.217906212,69.9493302093,229.32553749,342.391221117,109.002912714
318.661500147,127.870099288,681.541597581,325.532360283,0.001
389.101744587,261.117327027
389.101744587,294.014582105,282.46
251.951294653,191.161557515,160.67
261.117327027,294.014582105,656.759818414,117.152025124
188.033473577,290.571962527,55.5116524317,212.547107769
0.001,221.070658814,157.399808214,204.947553177
0.001,479.577038022,143.598950013,725.75203382,250.98280467,403.656519284
479.577038022,114.981226184,374.718998331,339.317929697
114.981226184,77.9555779162
662.744949104,818.196555107
173.21514617,329.217906212,681.541597581,667.236544642
129.094585148,334.317323492,137.151320265,70.1968514135
498.707408196,318.321831761,262.741928614,692.264984687,0.001
303.033567917,38.5454076979,380.393003214,87.373907698
0.001,131.614874074,162.41450499,389.590114068
289.773472945,360.747908893,617.140218737,188.175846297
265.770654693,223.136579269,341.943548438,120.380189572,493.328056871
123.719182061,289.773472945,341.943548438,620.089982572,210.948933178
360.747908893
277.203588748,79.8681122217,106.104784112,118.025574326,424.186235381,129.097666607,403.264731164
36.0197940563,576.442025884,281.478883201,396.578912312
69.9493302093,667.236544642,36.0197940563,353.774821837,104.601367416,29.3886276054
95.1949169929,92.3785034432,316.194219879,697.06
555.13,88.8568869579,239.224088371,239.17012752,213.250909809,0.001,0.001,45.9058271761
336.437991376,0.001,256.653255399,198.243164672,683.545655612
0.001,345.094634169,126.285504876,216.045279211,52.6101269302,406.807611349,73.6249754033,418.875862628
555.13,0.001,317.664542413,176.055687077
22.0489888573,391.476424873,375.298919706,374.850243117,168.581896687
88.8568869579,0.001,0.001,130.702254021,0.001,121.306591419,191.250627606,60.6480580353
750.810278456,204.848862357,448.679309995
519.775378608,0.001,497.09363913,695.860126254,83.1149257586
519.775378608,307.194290161,0.001,144.025909052,262.930567923
4.79547337078,45.4314820589,593.995651625
215.574180125,4.79547337078,119.362975553,412.32,65.3921303935,166.597421034
0.001,307.194290161,649.753500893,306.04537355,118.150241241
497.09363913,225.79765784,158.745062577,477.079122327,612.412989658
189.213777514,146.448397928,292.088005664,215.393519049
189.213777514,188.7,192.842058387
596.908138012,146.448397928,188.7,284.456095369
662.744949104
569.52,560.094335096
499.666319672,326.076327472,116.692886722,566.039328621
24.11,292.668450239,97.6343027207,326.605398537,873.327621131
160.950207765,239.290755855,391.476424873,290.455498122,465.208466165,5.38827997788
0.305407432776,180.292112339,426.954529526,287.102276855,229.198903129
0.001,261.629316118,164.306539421
0.001,0.001,222.49590387,419.592964546,149.550504287,271.288966268,212.141125361
272.030687096,300.415895109,177.240478284,57.8105913717
828.928756504
0.001,230.522404989,534.144879367,69.83535612,0.001,74.0716506367
245.541182054,678.102363754,45.4175040428,439.344968394
38.9889039847,589.359877409,34.5606260525,135.968563053,590.993551419,271.276772279
54.3134105563,34.5606260525,643.69,229.812973431,643.69,230.312108619
168.281329141,355.675519329,180.200505607
208.150521889,220.430397177,173.583962862
224.235271227,135.012246702,70.0117677356,45.0871569759
347.048723088
408.86,342.414876644,311.489596699
311.335797435,150.98870255,311.489596699,206.3274088
165.699823374,70.2597175088,198.51693188,432.900104562,381.410734146,243.598072919,602.172885414,61.3606851224,74.8206623118
602.172885414
374.718998331,77.9555779162,65.7930128259,229.445117468,79.9392290488
273.042777994,379.713175364
185.83,254.46244314,557.88
116.961805671,187.73678561,241.88,167.263587551
328.49,352.5730769
555.893829747,185.53,133.922704757,307.141675442,496.559966986
0.001,1033.19627315
256.61430557,75.1639725792,159.662254315,127.684257674
0.001,275.87,256.330722311
0.001,287.11120113,0.001,256.718472104
397.509000536,178.824712267,72.2603112114
0.001,54.6511992271,113.289174831,459.332207569,340.206436424,122.780482075,240.705846584,100.266448905,0.001,293.362087955,255.07096007
434.250494889,557.475783745,468.325074315
449.221142856,484.221055319,287.11120113,298.97
656.759818414,397.367221185,323.173589567,588.6
508.689538791,239.224088371,0.001,183.385100783,136.346968123
239.17012752,0.001,463.154532689,210.385658555
204.848862357,186.73244755
649.753500893,50.4714117541,421.916706221,363.900914909
303.099968904,111.915910723,589.56988745,73.4420880562
303.099968904,76.4041192934,84.7112968281,481.681336993,0.001,249.136358296,193.593138803
111.915910723,76.4041192934,240.001028487
225.79765784,589.56988745,84.7112968281,172.459300402,167.919691212
-1
481.681336993,240.001028487,474.355735323,96.2131357946
0.001,266.691347533,208.677175777,410.559474379,137.615692579
474.355735323,578.363806247,63.0105261268,54.6637920476
131.614874074,125.180314929,175.774880805,496.986707215,108.981372806
125.180314929,97.0502643422,178.157261445
90.4768074325,187.73678561,425.413530942,81.6585940104,95.9691650855,0.001,433.45317532,251.763877288
241.88,425.413530942,139.391771861,39.9382032737,56.6365868182,119.091360684
156.465194478,277.404287993,216.236201614
81.6585940104,139.391771861,365.98901792,62.449978279,100.224040168,193.659385984,317.392257054,135.686711445
322.469547614,0.347011599244,224.456287155,0.001,271.10183635,571.420072794,323.961223254
158.745062577,73.4420880562,172.459300402
49.2582819707,0.001,0.347011599244,288.952956926,332.654046227,224.250185445
196.517225085,223.725568396,119.362975553,57.4893795546,52.78,107.205187953
578.363806247,0.0137200583144,672.604037931,119.269479189
249.136358296,96.2131357946,266.691347533,63.0105261268,0.001,100.77
99.8481139714,99.3835892741,156.875583815,3.53871516796,206.470652871
128.745997295,172.336588527,125.362334916,158.115542127,62.0377710992,170.16849891,561.131394908,320.026445862,143.156403118
757.2,57.4893795546,99.7682927807,492.368559181,260.183535011,309.069244639
633.849454438,87.556488764,307.439034007,767.36,276.941160935,424.279731183,59.1845071566,266.051149298
505.310381094,99.4485309145,461.521930373,310.433395185
633.849454438,505.310381094,271.302151728,367.401743617,158.404228629,498.362396601,104.272660439,46.8135674018,176.418713027
271.302151728,460.128603512,166.79868432,242.690398146
99.4485309145,367.401743617,460.128603512,0.001
158.404228629,166.79868432,357.509236108,191.978358741,190.864218287,259.287809778,239.596928502
254.46244314,133.922704757,132.715940067,274.526355378
124.734650806,277.203588748,307.141675442,132.715940067,331.69010993,276.526626226,49.3499016207
464.362265734,150.070072985,128.272386717
188.033473577,464.362265734,69.4082854571,424.890427446
290.571962527,150.070072985,69.4082854571,408.104560031,261.622678197,121.751565458
55.5116524317,408.104560031,466.652500599,497.945105995,688.187926382,116.99593522
466.652500599,244.610304471,149.790298951,322.334835394,57.7972105211
212.547107769,424.890427446,497.945105995,244.610304471,79.1201861202,351.712370443,366.456009065
178.381831317,79.1201861202,69.2808580743,231.74621332
84.9916108582
351.712370443,69.2808580743,509.919711587,651.626688883
610.982760205,149.790298951,366.456009065,509.919711587,828.702084219,241.050736754
126.53945359,421.820276965,368.001585506,79.412302083
357.874836208,511.718832901,251.898160448
409.624085119,357.874836208,0.271039849476,91.1387598075
562.158041796,864.446116394
330.598914374,219.935168525,152.997678997,49.7863050102,1.31920000379
633.609334866,49.7863050102,263.265491426
63.4669043104,864.446116394,263.265491426,440.61227259
2.16114691638,150.753374452,94.5037749912,767.82114532,183.980003039
99.8481139714,212.821560915,238.703360952,439.32727902
207.178920953,2.16114691638,282.86962985,464.195405976
25.1578539377,53.1868901892,94.7739890796,156.755184552,771.864808111,1020.54678102
495.211752011,245.095279081,364.4
628.714593274,184.940756456,329.94,461.484514338,365.711587638
196.883193081,410.992070441,141.32
498.362396601,252.312161013,87.7703694825,375.616007122
87.556488764,104.272660439,252.312161013,569.107798617,397.357045216
380.856442516,232.343426054,390.303290511,261.929455674,769.805237262,657.554363038,186.447085082
165.383314429,174.895389256,572.560822273,25.9075747634,105.650571621
256.94284292,245.461982431,195.464203129,441.816948129,110.476915099
0.001,325.62539769,175.376358656,578.031367898
606.181315086,94.4853737389,228.94350995,882.010265542
300.415895109,398.520543781,232.03164843,305.842135198
173.4957402,282.46,117.152025124,0.001,298.97,397.367221185,183.385100783,259.851494295
454.699978477,375.298919706,97.6343027207,144.084742801,72.4607762109,106.989865348
157.503031028,146.385066402,177.240478284,398.520543781,219.108566795
75.8420431377,232.03164843,219.108566795
287.105050146,397.617741077,117.462882962,341.966076565,0.001
252.43375406,370.651484294
59.6913326446,158.582492652,155.529722506,276.630816598
0.001,128.272386717,261.622678197
91.3590385064,183.50598505,370.651484294
76.7992433891,262.741928614,0.001,310.489654978
79.8681122217,1010.4009808,618.440266723,401.818731252
326.318335824,679.231646438
62.8006906352,237.848509048,99.9056639129,74.0395704002,264.670621546,91.7742118626,304.092518548
326.318335824,204.539006036,518.252085096,0.001,127.182848676
106.104784112,1010.4009808,679.231646438,62.8006906352,204.539006036,0.001,265.041298676,337.477686522,117.4694375
638.27828575,396.344017957
184.940756456,383.54232863,290.304665854,158.474870088,194.591692204
449.115406727,383.54232863,63.453650097,226.581923486,60.582521125
177.068923987,410.992070441,403.713524237,61.6980735267
259.244687772,365.080201427,397.669232141,118.410707968,321.398290226,117.61177456,348.08110177,118.254164636,64.0901099931
232.043397882,314.579914034
494.010794798,261.629316118,222.49590387,232.343426054,140.062878423,79.1688971429,299.210041944,208.440824598
245.541182054,125.94088867,845.121137354,455.991869406,363.742106564,61.3727281197
419.592964546,230.522404989,0.001,0.001,462.539245994
53.6894760491,167.263587551,518.252085096,0.001,160.167749074,0.548223914101
237.848509048,0.001,265.041298676,160.167749074,108.720077057
0.001,95.9691650855,533.19
39.9382032737,127.182848676,0.548223914101
0.001,168.217187558,192.67,428.770157716
176.274683324,524.423386446,110.50837594
169.288470876,348.520841611,256.629099364,119.099041024,61.3606851224,280.038470374
99.9056639129,588.794300006
253.972802515,138.771007594,337.619427663,220.430397177,74.8206623118,508.55140437,114.125778246
56.6365868182,156.465194478,365.98901792,120.043238907,127.4431009,260.955945376
119.091360684,277.404287993,120.043238907
62.449978279,102.709368633,93.4302211527,159.091351449
152.851622141,757.96,120.380189572,620.089982572,1.31920000379
72.9143746421,137.151320265,148.609153633
128.745997295,257.676874909,464.135836701,910.350533888
0.001,383.014084906,491.232594207,215.887698462
0.001,231.070372946,69.2266123039
151.480791878,365.080201427,462.864444693,313.138041403
678.102363754,462.864444693,197.545216186,129.006984224,263.700855969,114.704150448,467.412299622
391.496717727,581.807758116,389.24,0.187891087492
695.860126254,477.079122327,846.998794923,84.9103198859
306.745710639,486.89
237.782572583,222.07,206.3274088,365.243227186,729.29,0.001
65.7930128259,850.659139011,86.2604654003,64.7646381145,48.2012065378,155.317620073,170.54889039
99.3835892741,393.403894421,234.932473378,85.0565521667
850.659139011,389.95017672,271.373029133,72.1999345419,503.465405466
389.95017672,162.443028111,525.458593645,57.7557640284,275.404548517
86.2604654003,271.373029133,655.225600895,212.933372411,250.730443748,0.001,78.0078405537
655.225600895,0.001,0.001,702.818904604
0.001,323.540910402
212.933372411,0.001,454.121467485,179.874789636,236.383585369
1026.63851861
873.024289446,0.001
1262.17047506
658.144747685
97.1774891986,0.305407432776,405.515918478,479.25,279.868668381
134.077228002,180.292112339,405.515918478,185.237520786,101.759920669,277.024037963,86.4188071464
0.001,469.15,426.954529526,479.25,280.63
262.71504376,0.001,0.001,287.102276855,135.968563053,643.59,280.63,156.409407199,186.646098114
0.001,391.752200341,229.812973431,156.409407199,126.76218998,279.79764676
293.657326783,643.69,329.721809739
101.3239268,618.621698834,355.675519329,63.9792939388,0.001,217.607383122
230.312108619,126.76218998,329.721809739,44.1368116933,386.838291817,77.9528260995
329.019772071,17.6947229119,613.555453739
222.103267736,63.7643548326,462.650395357,288.952956926,613.555453739,0.001,447.607276846,146.354219473
374.733171603,224.456287155,332.654046227,0.001,234.139101072,0.001,0.001
293.794366343,0.001,234.139101072,146.670960254,239.084921614,189.000944991,193.950660863
411.993398623,447.607276846,31.0492149051,0.001
271.10183635,224.250185445,0.001
205.032407909,500.145197793,226.478567101,45.4314820589,412.32,115.277166419,94.2192696127
0.001,593.995651625,65.3921303935
571.420072794,0.001,146.670960254,297.611957314,50.4982125732
95.327793723,250.701974315,50.2234845085,31.0492149051,187.150909639,225.102810288
130.651622229,66.1684874247,174.307499996
285.971328583,130.651622229,422.74,480.665201238,94.3160629794,0.690573616642
115.277830378,503.371648509,209.15260886,0.001,534.580769251,1107.53291101
416.71
684.22503671,178.880198903
95.1877138791,230.464341179,43.4987251065,874.572253625,498.303327072
251.951294653,339.224873751,131.378473143,0.001,282.777627925,680.138179906,0.001,392.877905363
290.304665854,63.453650097,164.066512138,247.017976349,394.51
224.235271227,232.005586691,270.033244353
547.365137733,69.995184583,127.498566129,113.689340109,22.709190065
689.605626565,69.995184583
307.439034007,569.107798617,0.001,876.51,254.887388902
250.835242326,705.043546414
793.315204066,325.62539769,0.001,508.797829387,363.997086298
592.433009145,363.968737221,535.524735894
251.883301217,503.371648509,363.968737221,21.9562025906,0.001,329.977759467
718.9321803,209.739400452
718.9321803,191.228949498,486.926012778,212.747596784
106.000594266,115.584259529,280.483796675,425.822734324
106.000594266,482.567009269,49.2660685792,395.451829756,48.0755313565,76.2297317556,0.001
115.584259529,482.567009269
0.001,873.024289446,1262.17047506,63.9792939388,97.5817403097,180.160640698
229.198903129,590.993551419,185.237520786,186.646098114,468.200186478,260.852352217,912.920218436
246.148541682,229.32553749,511.718832901,0.271039849476,356.666713962
191.161557515,339.224873751,494.028590653,59.8626526136,287.31955345,27.4747133874
64.7646381145,72.1999345419,162.443028111,54.0049136094
109.090079149,589.880167523,164.306539421,149.550504287,534.144879367,140.062878423,0.001,705.043546414,0.001,0.001,225.826650621,257.332826641,0.001,556.438695423
422.74,519.217390204,117.3120829
319.364516161,61.9901795155,379.847903039,110.098156239,55.462239266
464.8492832,311.486052174,1050.00126286,710.538838027,258.141646476
185.059498252,140.496178674,193.13680568,193.23628646
185.059498252,559.5030766,411.560686761,125.428475688
559.5030766,80.7559046132,102.964012808,287.643996864,204.337017122,79.7002788738
175.774880805,97.0502643422,153.891267883,128.005512812
411.560686761,80.7559046132,652.192793599,111.726507828,151.080360046
271.583461879,652.192793599,501.398690545,375.065348827,347.141476615
65.2137625801,64.7793441991,184.942633041,479.433944206,75.1639725792,100.700356566,78.7113184174,141.664178688,86.6219475659,86.9230169564,456.511574305,576.491014848
0.276968247293,304.02539509,237.480397032,217.210919361,182.507244248
25.6205689012,231.274772218,380.079447924,65.1238115905,660.082519104,190.262141949
0.276968247293,25.6205689012,381.42219101,34.6085666048,458.650957953,52.123014084,154.409661562,150.612405697
231.274772218,381.42219101,520.611885214
188.870647139,85.2143098401,100.700356566
378.03,289.304816262,72.2603112114
187.737700493,380.079447924,520.611885214,178.95614194,405.216791117,660.722136348
95.1949169929,304.02539509,34.6085666048,74.9836198693,144.881386365,279.642662362
99.6846443396,74.9836198693,69.0702658632,107.134624859,84.9817905286,322.092078385
730.518452693,386.830931233,1016.60573394
730.518452693,64.4044647975,260.467514274,443.224239695
64.4044647975,1096.34281935,405.302252756,0.001,526.209474009,338.378093406
53.1868901892,1096.34281935,54.2577971715,0.001,367.317967769,1108.26287572,684.515114218,66.2625928347
32.8975731404,78.7113184174,90.31,522.91,319.114363235
54.2577971715,174.401739332,151.04,268.67,244.141449659
150.753374452,174.401739332,234.900602774
397.669232141,246.730357339,654.461634166,284.574886252
390.303290511,79.1688971429,125.94088867,246.730357339,257.404796619,571.344260438,1.6643452166
45.4175040428,118.410707968,845.121137354,313.138041403,197.545216186,654.461634166,257.404796619
451.039918778,740.053449746,205.673766373,368.116543319
122.40706823,1334.52797992,553.791544661,112.02231159
494.028590653,319.364516161,372.760423307,174.357200988
54.3859072827
59.8626526136,61.9901795155,372.760423307,72.7374562244,31.0443593153
108.061367454,403.713524237,164.066512138,231.699452245,366.998880395
158.700642901,287.535857129,552.754068969
158.700642901,325.685876911,0.001,777.471875578
287.535857129,325.685876911,101.472157866,0.001,160.09587274,252.557361105
425.411572736,47.179063986,115.232427935,95.1877138791,110.711882302,370.363440851,210.169105901,444.796930821,101.445415567
226.720870748,335.25381121,417.720511358
0.659290764549,128.027876558,434.250494889,480.665201238,0.506997319084,98.4229012275
500.064582434,557.475783745,323.961223254,297.611957314,0.506997319084,218.23500389,309.39
436.670827281,141.664178688,90.31,356.45
282.709690845,366.970310679
400.030901876,410.277755409,208.278058997,110.711882302
137.993382856,139.203273903,354.679146049,79.412302083,370.363440851,87.4863683101
0.001,101.472157866,463.20260502,285.589762909,785.496901531,110.185912735
92.3785034432,581.714453032,358.643480259,277.048810504
316.194219879,393.403894421,144.881386365,69.0702658632,581.714453032,499.777068865,21.4432074849,125.471276115,245.879391118
405.302252756,0.001,390.12351144,126.57790668
395.188668575,57.1999486997,249.923555147,0.001,70.5546989009
317.664542413,546.139146115,123.863274561
416.669085608,68.4211149167,201.64,0.001,411.72,208.507721736,191.081666654,403.439682569
351.062788323,166.762075809
115.796900945,350.905240926,17.8584475228,50.7951235037
730.325972284,52.6773849641,139.143387567,191.081666654,531.162530453,274.191289867,0.001
406.059311126,321.398290226,535.524735894,21.9562025906,124.682399949
117.61177456,0.001,55.0767457675,186.931400478
69.83535612,0.001,319.29885555,144.471985318
202.299615158,261.929455674,209.15260886,0.001,75.124118088,61.9761809299,45.6591645899
348.08110177,232.043397882,0.001,155.588933435
256.94284292,464.8492832,109.302308685,265.174258966,443.007528066,440.450742479,77.6623985523,26.4951280084,596.408472122,617.542573201
88.9863956113,719.494422986,326.1753491
73.0013882871,342.391221117,576.442025884,353.774821837,251.898160448,91.1387598075,230.464341179,42.4545448975,211.389737798
375.887935795,104.601367416,324.52720259
237.480397032,279.642662362,107.134624859,606.944546748
217.210919361,458.650957953,156.456958462,78.6678234722
769.805237262,299.210041944
118.025574326,74.0395704002,337.477686522,121.084060778
439.344968394,455.991869406,129.006984224,436.534327797,457.07925181,0.001,56.5804055995
397.878288599,94.7739890796,0.001,367.317967769,390.12351144,151.110017139,253.137883124,121.657080389
121.948939703,501.398690545,386.830931233,260.467514274,526.209474009,126.57790668,151.110017139,288.688208697
271.288966268,0.001,363.742106564,462.539245994,0.001,319.29885555,436.534327797,0.001,69.5820582634,0.001,86.3748487181,317.939752569
457.07925181,0.001,482.98066563,131.215816592
74.0716506367,225.826650621,144.471985318,69.5820582634,0.001,0.001
303.033567917,257.332826641,0.001,0.001,346.630291228,89.0585636031,112.287342094
0.001,0.001,86.3748487181,482.98066563,0.001,346.630291228,184.912049275,284.509564488,722.356437112
263.700855969,74.4577428828,310.751378204
0.232970490704,433.943810851
230.977929734,524.08694505,505.859900273
767.36,358.643480259,499.777068865,585.011528549,338.588752482
372.650216171,276.941160935,788.094642112,363.111924051,471.86743431
424.279731183,461.521930373,46.8135674018,788.094642112,405.788815781
242.690398146,0.001,357.509236108,347.272065422
191.978358741,347.272065422,353.868350595,71.6009075659,273.114894684
190.864218287,245.461982431,353.868350595,122.069377844,262.429671499,273.861616331
165.383314429,109.302308685,81.6108759644,115.057093377,205.110049604
216.236201614,100.224040168,127.4431009,102.709368633,306.745710639,502.12,1360.55716608,60.2097038989,344.213017891,185.396405958,61.0387425742
174.895389256,81.6108759644,171.400928734,57.7512906138,0.07,350.668127471
280.483796675,49.2660685792,184.912049275,62.082383692,411.325004727,503.069998612,244.467230904
159.662254315,86.6219475659,282.709690845,116.534551489,116.889697445
207.761408154,326.076327472,182.557867192,181.939583662,376.230739559
441.566648379,59.4186810041,160.257437915,296.67,227.878662189,65.1661462517
441.566648379,128.92,332.86,78.9961090387,358.805066932
572.560822273,171.400928734,473.688518815,126.266027876,990.201233377,45.1254828335,322.982746373
25.4626183605,286.573631846,229.650350653,590.132330315
265.174258966,115.057093377,57.7512906138,25.4626183605,187.949268304,80.9000198643,146.979001398,212.875303761
195.464203129,443.007528066,286.573631846,187.949268304,143.381813626,268.614579083
440.450742479,317.961196127,276.486506321,125.944608855
311.486052174,300.930198626,758.378846096
175.376358656,385.83,363.11,548.171261644,263.3271768
217.594052094,122.40706823,385.83,234.336668643,122.486222922,228.549113424
451.039918778,755.541007701,90.086699213
424.530658261,740.053449746,1334.52797992,234.336668643,64.7214488468,207.060888311,246.389739009,47.005402673,823.768499452,283.569930461
64.7214488468,765.003908213,417.941793655,90.562192337,0.001,255.517775672,299.223319985,88.4278068454
156.140438468,207.060888311,80.8643482248,174.627733457,814.784916452
80.8643482248,242.457807488,144.539426348,210.638532337
242.457807488,160.816196397,396.116994268,54.8641041009,195.570551968
765.003908213,774.063198386,907.504792633,245.715749271,357.12141746
675.678022495,107.378740974,275.617344809,53.4398058646
107.378740974,156.706477047
384.17,275.617344809,712.684709979,368.721826192,183.423519642,177.597071416,209.879774507
250.268290272,70.4136530891,386.928997311,309.168780323,638.775550404
70.4136530891,0.209982023035,175.138114535
386.928997311,0.209982023035,359.936561326,90.42,156.89
209.739400452,191.228949498,175.138114535,359.936561326,128.445798736,276.090640163
309.168780323,90.42,208.501256655,362.001526793,0.439996380214
486.926012778,156.89,128.445798736,208.501256655,102.078912456
212.747596784,276.090640163
489.16383206,636.569096991,95.9105730592
379.847903039,72.7374562244,8.51795443168,300.063495513,139.497191752
463.20260502,56.411451987,54.0934575454,481.539857275
581.807758116,658.144747685
389.24
1108.26287572
172.336588527,197.136723107,0.703217249497,636.01650381,665.813240399
104.212725144,296.238630437,99.7682927807,0.187891087492,197.136723107,288.936668904,759.594328749
213.472663594,320.116163984,45.1703993305,329.647012629
67.4669312832,156.748846512,100.857376141,492.368559181,257.676874909,115.277166419,77.210600851,199.358563476,269.633935097
557.268690636,0.0137200583144,767.650946863,176.96,972.830647139
83.1149257586,0.001,306.04537355,612.412989658,167.919691212
144.025909052,50.4714117541,596.678084288,235.198158593,739.268491487
468.325074315,66.1684874247,94.3160629794,98.4229012275,218.23500389,645.582970801,332.635793327
239.084921614,50.4982125732,309.39,645.582970801,236.856513013,397.650442123
187.150909639,579.334855768,174.351872597,176.43486177
285.589762909,56.411451987,144.637508779,139.644580452,50.5272610601
110.098156239,8.51795443168,54.0934575454,144.637508779,310.924433291,298.50605015,145.687700111
131.378473143,287.31955345,55.462239266,174.357200988,310.924433291,139.56364305,182.043670919,0.001
300.063495513,481.539857275,298.50605015
0.001,139.644580452,145.687700111,139.56364305,166.470362925
553.791544661,363.11,122.486222922,600.550529428
282.777627925,27.4747133874,182.043670919
160.67,680.138179906,630.354498345,0.212600587957
159.29
213.472663594,114.096466504,330.049739383,36.4333370651,136.922336858
125.362334916,88.9863956113,320.116163984,193.154517788,43.5729975246,79.5292020333,422.451174268
314.631151962,113.35214758,344.29
114.096466504,314.631151962,182.604920715,244.826207302,394.812541007,123.86388069
182.604920715,360.296547811,211.08101386,390.18976841,180.564970861
158.115542127,464.135836701,77.210600851,245.933744116,249.039375248,238.894255777
113.35214758,244.826207302,360.296547811,1.68286162395
126.271087572,344.29,211.08101386,1.68286162395,248.376299781
156.155607271,607.395285978,290.455498122,199.358563476,390.18976841,245.933744116,248.376299781,48.033859254
503.106985471,309.065560559,326.605398537,465.208466165,152.829202936
415.251612159,335.238716946,370.337089047
374.850243117,873.327621131,5.38827997788,144.084742801,152.829202936
184.319920074,335.002362979,52.78,260.183535011,288.936668904
274.778185694,166.597421034,107.205187953,94.2192696127
121.751565458,688.187926382,596.678084288,414.890135333
672.604037931,767.650946863
469.143955802,208.677175777,322.334835394,828.702084219,507.848590936,582.382646394
421.916706221,193.593138803,410.559474379,0.001,116.99593522,57.7972105211,235.198158593,414.890135333,507.848590936
117.268186272,271.276772279,0.001,0.001,97.5817403097,468.200186478
575.302851693,281.478883201,29.3886276054,43.4987251065,210.169105901,324.52720259,566.59934907
44.1368116933,174.307499996,332.635793327,236.856513013,582.04187761
156.755184552,684.515114218,151.04,66.83023763
259.287809778,441.816948129,122.069377844,229.650350653,143.381813626,556.415271876
117.598905989,405.07,59.4186810041,122.438201969,109.192396868,47.6729756506,62.7586380484
45.1703993305,330.049739383,193.154517788,342.007664237
62.0377710992,329.647012629,36.4333370651,43.5729975246,394.812541007,180.564970861,249.039375248,48.033859254,284.960428145
170.16849891,238.894255777,284.960428145
160.816196397,584.584601499
176.418713027,239.596928502,87.7703694825,590.132330315,80.9000198643,556.415271876,381.354638467,960.450922498
440.61227259
212.141125361,208.440824598,61.3727281197,571.344260438,317.939752569
657.554363038,118.254164636,314.579914034,284.574886252,1.6643452166,55.0767457675,155.588933435,134.814987467
186.447085082,64.0901099931,0.001,329.977759467,124.682399949,186.931400478,75.124118088,134.814987467
386.838291817,189.000944991,397.650442123,582.04187761,405.221320184
132.686938556,304.717307886,504.947498761,279.79764676,77.9528260995,193.950660863,405.221320184
487.406328549,0.001,158.582492652,689.801929057
152.541497984,0.001,180.303455221
1114.37201611,182.218487563,678.612929985,467.875399618,155.529722506,0.001,504.843430627,0.001
334.402866239,0.001,293.362087955,276.630816598,689.801929057,180.303455221,504.843430627
131.570936559,421.524268288,255.07096007,0.001
114.86598947,225.102810288,65.1238115905,579.334855768,458.736245843,63.1407478216,173.219379109,113.82134585
102.964012808,52.123014084,156.456958462,134.498074167,142.032695471,81.4692741984
660.082519104,154.409661562,458.736245843,131.807381717
469.812820087,216.200800753,144.751509893,190.262141949,178.95614194,63.1407478216,298.160358757,632.277399362
140.496178674,125.428475688,287.643996864,174.351872597,52.4328557285,1463.07231395
204.337017122,176.43486177,173.219379109,134.498074167,52.4328557285,248.583415937
478.575678478,146.354219473,0.001,193.13680568,1463.07231395,745.230972763
704.898436373,365.243227186
387.842675806,292.088005664,192.842058387,410.102579494,1174.40739158
430.353879301,130.722543043,1174.40739158
443.224239695,338.378093406,66.2625928347
446.119843135,79.7002788738,111.726507828,375.065348827,182.507244248,84.9817905286,606.944546748,78.6678234722,142.032695471
43.1238232379,156.875583815,212.821560915,234.932473378,322.092078385,21.4432074849,253.137883124,112.610179724
31.0443593153,362.001526793,102.078912456,139.497191752,221.720764497
712.684709979,489.16383206,686.684818362,279.108986041,605.061161958
56.6844249635,368.721826192,638.775550404,0.439996380214,636.569096991,221.720764497,686.684818362
417.941793655,60.0895132383,394.918266699,187.333890301,268.801688962,420.982389265
90.562192337,774.063198386,60.0895132383,50.7947161031,807.558585184,214.343743406,617.539858396
205.673766373,473.688518815,755.541007701,246.389739009,0.001,394.918266699,213.268411555,516.172266454,471.541746516,77.1013734664
200.126736611,135.012246702,232.005586691,127.498566129,61.87701757,260.21453869
113.689340109,61.87701757,257.117535448
113.480895773,70.0117677356,270.033244353,22.709190065,126.266027876,122.438201969,260.21453869,257.117535448,718.639038672,167.265282972
45.0871569759,368.116543319,112.02231159,990.201233377,90.086699213,47.005402673,600.550529428,213.268411555,718.639038672
25.9075747634,45.1254828335,317.961196127,187.333890301,50.7947161031,516.172266454,46.1386785347,52.9322886319,519.827016052
255.517775672,268.801688962,471.541746516,0.001
823.768499452,299.223319985,77.1013734664,0.001
100.6106628,191.320636541,168.581896687,72.4607762109
226.398165022,106.989865348,0.001,630.354498345,335.238716946,640.874191624
552.754068969,777.471875578,0.001,785.496901531,394.14858046
150.612405697,113.82134585,81.4692741984,131.807381717,248.583415937
286.700014287,392.877905363,110.185912735,50.5272610601,0.001,166.470362925,0.212600587957,370.337089047,640.874191624,394.14858046
127.684257674,86.9230169564,116.534551489
456.511574305,522.91,366.970310679,116.889697445
576.491014848,319.114363235,356.45
176.274683324,525.458593645,567.005923638,1217.64132393
143.598950013,424.186235381,264.670621546,588.794300006,121.084060778,1141.31,157.099597153,1728.60153151,290.869046825
193.659385984,524.423386446,93.4302211527,503.465405466,57.7557640284,250.730443748,567.005923638,154.571665842,210.191075785,1021.77877103
273.042777994,433.45317532,317.392257054,168.217187558,110.50837594,48.2012065378,275.404548517,54.0049136094,1217.64132393,154.571665842,522.802765243,220.139061353,0.001
229.445117468,379.713175364,91.7742118626,192.67,155.317620073,1141.31,522.802765243,51.5378339929,234.88,187.063790923
329.94,158.474870088,226.581923486,502.12,121.244863825,133.858235472
0.07,322.982746373,109.192396868,167.265282972,390.699226568,128.544467201
0.001,325.532360283,36.1551539634
114.704150448,74.4577428828,0.232970490704,524.527318272
230.977929734,0.001
395.451829756,524.08694505,0.001,992.14
48.0755313565,62.082383692,0.001,45.3101824332
425.822734324,76.2297317556,411.325004727
578.031367898,508.797829387,306.352910982,297.549597635,234.897685218,294.559142863,125.003282296,0.001
0.001,38.5454076979,363.997086298,556.438695423,89.0585636031,306.352910982,75.343329359
380.393003214,297.549597635,75.343329359,247.85039044
548.171261644,0.001
243.796920893,263.3271768,228.549113424,0.001,573.751145412,102.115130319,44.5430613902
345.094634169,130.702254021,0.001,230.015455514
221.070658814,725.75203382,0.001,546.139146115,152.648422129,688.528306449,0.001
388.050433034,396.344017957,60.582521125,61.9761809299,1360.55716608,121.244863825,573.019894423,495.061816541,0.001
234.897685218,573.751145412,0.001,209.096956107,512.404767768
102.115130319,0.001
396.116994268,584.584601499,189.730949947,494.784436571,409.218798698,238.548239046
561.131394908,0.703217249497,189.730949947,109.295229673,335.034150107
320.026445862,309.069244639,910.350533888,636.01650381,759.594328749,269.633935097
555.718270518,693.405576818,205.387966591,109.002912714,116.692886722,356.666713962,17.8584475228,182.557867192
3.53871516796,85.0565521667,125.471276115,128.92,608.781171344,196.888159017,595.667678309
899.378208082,190.607880733,454.723393713,692.264984687,0.001,193.23628646,745.230972763,291.097109784
658.89312576,519.217390204,0.001,227.967599376,289.680864619
651.758836794,328.49,102.83,136.206369786,102.83
873.93622105,560.094335096,57.8105913717,305.842135198
112.029140197,0.001,162.41450499,496.986707215,310.489654978,291.097109784
405.603904597,697.06,59.1845071566,405.216791117,277.048810504,585.011528549,363.111924051
110.476915099,1050.00126286,160.09587274,77.6623985523,262.429671499,95.9105730592,279.108986041,229.900334487,738.322423391,105.943173596
461.823379616,97.2827115237,755.236194545,173.583962862,508.55140437,473.901857018,412.142668452
490.685410854,617.140218737,245.558260364
108.981372806,153.891267883,151.080360046,347.141476615,1016.60573394,288.688208697,499.976661181
206.470652871,238.703360952,332.86,608.781171344,444.511906277
94.5037749912,368.67,234.900602774,132.296109478
388.798464464,767.82114532,282.86962985
429.476130243,108.052742162,149.56,183.980003039,464.195405976,771.864808111,244.141449659,160.257437915,66.83023763,47.6729756506,132.296109478,325.806776104
396.67,62.7586380484,390.699226568,80.8861965154,153.644745143
710.538838027,252.557361105,300.930198626,229.900334487
159.29
68.5111084701,397.964633963,214.738452417,804.727927209,0.001,391.304000251,0.006606814657
142.295097724,670.046966857,127.978182873
317.045546989,461.010002474,113.859582133
0.001,286.912737054,120.947141265,500.770820836,166.844414862,114.125778246,403.439682569,473.901857018,113.859582133
0.001,499.76883165,150.970381366,117.462882962,531.162530453,57.7025976973,312.724164275
0.001,227.878662189,78.9961090387,196.888159017,80.8861965154,304.073869734,71.3721594102,0.210188129257
444.862624687,129.097666607,331.69010993,618.440266723,116.683527644
426.011288588,675.061496815,188.175846297,210.948933178,496.559966986,1033.19627315,245.558260364,559.343767376
213.250909809,126.285504876,121.306591419,0.001,355.430796467
216.045279211,204.578490086,0.001
1181.31339193,0.001,702.818904604,323.540910402,454.121467485,534.580769251,20.8239067787
87.373907698,112.287342094,284.509564488,503.069998612,294.559142863,247.85039044,0.001,262.75333002
125.003282296,209.096956107,0.001,61.2252622293
78.676680609,146.071809015,493.328056871,401.818731252,117.4694375,116.683527644,559.343767376
179.874789636,1107.53291101,45.6591645899,573.019894423,20.8239067787,0.001,857.252009429
159.091351449,60.2097038989,210.191075785,495.061816541,0.001,62.2287412038
78.0078405537,236.383585369,1021.77877103,0.001,857.252009429,62.2287412038
183.423519642,605.061161958,738.322423391,237.092041444
71.6009075659,53.4398058646,156.706477047,177.597071416,573.532682196
273.114894684,273.861616331,209.879774507,105.943173596,237.092041444,573.532682196
403.264731164,52.6101269302,276.526626226,157.099597153,377.842073748,364.476867306,198.074048235
0.001,176.055687077,191.250627606,123.863274561,152.648422129,0.001
157.399808214,406.807611349,60.6480580353,230.015455514,688.528306449,377.842073748,0.001,224.12207976
0.001,323.173589567,136.346968123,463.154532689,259.851494295,334.336215246,67.8755183781
45.9058271761,73.6249754033,210.385658555,355.430796467,204.578490086,334.336215246,292.570165523
245.095279081,486.89,416.71,684.22503671,344.213017891,609.769228295
135.686711445,260.955945376,185.396405958
105.650571621,26.4951280084,205.110049604,276.486506321,46.1386785347
64.5171986485,364.4,461.484514338,178.880198903,61.0387425742,133.858235472,609.769228295
596.408472122,146.979001398,268.614579083
350.668127471,212.875303761,381.354638467,128.544467201,153.644745143,304.073869734,66.8075699213
719.494422986,907.504792633,136.922336858,79.5292020333,123.86388069,342.007664237,249.784286672,327.047421021
0.001,275.87,341.966076565,829.027321277
120.613170255,231.070372946,75.4250740044,120.447963964
180.200505607,217.607383122,180.160640698
101.759920669,260.852352217,229.528192011
63.3941899674,362.769432711,167.789528266,256.330722311,256.718472104,0.001,829.027321277,496.669167187,221.512984741
136.839877145,347.431469084,491.232594207,69.2266123039,75.4250740044,0.001,617.767323395
163.828345197,117.607032252,215.887698462,0.001
138.758043307,137.615692579,54.6637920476,119.269479189,100.77,176.96,582.382646394
262.930567923,118.150241241,363.900914909,739.268491487
98.0186568013,406.123111769,120.447963964,496.669167187,617.767323395
221.512984741
418.875862628,557.88,588.6,274.526355378,49.3499016207,0.001,364.476867306,67.8755183781,292.570165523
467.412299622,0.001,56.5804055995,131.215816592,722.356437112,310.751378204,433.943810851,505.859900273,244.467230904,524.527318272,0.001,992.14,45.3101824332
114.804564712,444.796930821,87.4863683101,0.001,336.485468788
345.916207076,284.96683353,0.001,874.572253625,101.445415567,70.5546989009,42.4545448975,336.485468788
412.142668452
665.813240399,494.784436571,109.295229673
653.19,208.229544307,448.679309995,186.73244755
652.122937872,0.001,36.1551539634,109.250651363
367.328781617,246.169641553,181.939583662,109.250651363,61.4089814516
143.156403118,326.1753491,283.569930461,88.4278068454,174.627733457,144.539426348,54.8641041009,245.715749271,422.451174268,409.218798698,335.034150107,249.784286672
204.947553177,250.98280467,1728.60153151,0.001,198.074048235,224.12207976
403.656519284,339.317929697,79.9392290488,290.869046825,51.5378339929
468.971732878,814.784916452,210.638532337,195.570551968,238.548239046
918.09582842,660.722136348,298.160358757,0.001,382.682713774
634.845492433,227.967599376,314.451164833
273.798032262,310.433395185,471.86743431,405.788815781,314.451164833
266.051149298,876.51,245.879391118,338.588752482,595.667678309,71.3721594102,0.001
375.616007122,397.357045216,254.887388902,960.450922498,0.210188129257,66.8075699213,0.001
439.32727902,1020.54678102,121.657080389,65.1661462517,358.805066932,112.610179724,444.511906277,325.806776104
389.590114068,178.157261445,128.005512812,499.976661181
195.72736109,309.308044747,231.74621332,651.626688883,241.050736754,279.868668381,277.024037963
432.367886142,972.830647139,419.482015999
495.516459932,86.4188071464,912.920218436,229.528192011,419.482015999
208.262155589,380.8152496,522.23,161.468721182,235.298804927,102.154523304,274.191289867,0.006606814657,57.7025976973
509.333687534,124.789124761,368.196880789,295.632417187,70.1968514135,280.038470374,148.609153633,0.001,312.724164275
102.83,352.5730769,419.94
97.2251115735,215.393519049,284.456095369,136.206369786,188.176798562
559.24,188.176798562
0.001,44.5430613902,512.404767768,262.75333002,61.2252622293
396.578912312,498.303327072,211.389737798,566.59934907
846.998794923,37.5070629808
84.9103198859,37.5070629808
553.13,566.039328621,50.7951235037
376.230739559,61.4089814516
258.141646476,617.542573201,125.944608855,758.378846096,807.558585184,52.9322886319,136.588985857
357.12141746,214.343743406,327.047421021,136.588985857
141.32,61.6980735267,247.017976349,231.699452245
420.982389265,617.539858396,519.827016052
0.001,165.093514,0.690573616642,117.3120829,632.277399362,289.680864619,382.682713774
275.300464499,365.711587638,194.591692204,394.51,366.998880395
170.54889039,220.139061353,234.88
129.561519436,251.763877288,304.092518548,108.720077057,533.19,428.770157716,0.001,187.063790923
68.4758861431,343.257866162,898.741819306,56.0334340543,429.965215787,232.535882397,752.049223888,0.001,399.85292997,117.417240953,333.652806389,412.899067742
516.483282161,0.001,1030.0268516,135.137952018,301.665123042,175.686951512
457.248501586,326.427697988,777.495163486
58.1554221923,353.257054531,28.6965543695,823.655106948,346.383077676,959.931534989,96.5105515523,216.125634753,422.305968811,752.313490236
540.590115061,131.480275151,388.975765771,104.72131567,562.097487621,554.18236081,343.235841982,899.424781796,250.311876533
123.082091729,96.8209359881
1076.40672728,178.39548645,142.84422035,93.2054853907,510.889495566,623.367243584,233.510146238,37.8747353219
484.275748009,295.152725998,567.982977396
168.119609066,301.9728569,62.9998229004,54.4398081375,546.775014338
255.617306272,496.698161955,178.696506808
109.786499889,689.908497326,454.766274868,115.103206508
392.649365203,133.131345984,43.3173321455,238.488394003,212.474717107
171.915268448,104.561882362,396.171121836,162.92179838
375.912588706,0.001,0.001,281.63209824,0.001
375.912588706,658.043703163,300.117163764,158.431399136,65.2010832966,85.1192027122,82.8698786979,0.001,0.001
0.001,658.043703163,464.94027952,932.475843003,358.02864158
577.250038859
382.498491158,529.183357379
382.498491158,175.149534834,388.507758068
577.250038859,190.18764237
-1
555.374012133,218.975057186
555.374012133,200.151264211
-1
311.629811792
311.629811792,0.001,540.368779861,257.870759451
172.035758065,59.6106233841,236.644353019,0.001
172.035758065,202.265941126,119.067066819,0.0763236529495,370.990927573,449.435072241
768.018609958,336.295323071
768.018609958,564.334183545
202.266370404,308.008141591,280.296801119,220.536502787
221.348157909,325.25421817,175.782166544,78.292670444
221.348157909,449.374854644,187.517012878
325.25421817,216.553802279,392.423449917,426.369016175,218.529498672,204.452478194
449.374854644,511.876510784,259.083172156,66.1626691759
216.553802279,689.749980627,403.716530573
511.876510784,589.539600718,411.670091871,280.808945085,249.105916799,172.04230116,22.1460099002
153.287000913,578.077918206,323.26418499
153.287000913,711.661088383,120.35632415,273.897346215,115.965693527,83.0931215338
578.077918206,711.661088383,822.458938424
120.35632415,771.574331711,576.414780975,257.769359338
273.897346215,771.574331711,45.2502127178,871.524370933
300.117163764,586.016583776,151.781389981,284.325178601
586.016583776,209.596346705,205.071669372,132.596407214,192.02932078
209.596346705,711.814335023
205.071669372,167.851861699,184.807217786,451.025585766,288.104738924
176.007797056,1052.65253666
171.915268448,176.007797056,67.7007995605,133.112752234,163.046042493
305.413827468,421.074131801,87.8245778562,549.482527334
143.099654468,697.886134504,194.353235828,178.396783365,379.632294192
584.980238012
255.617306272,425.9602446,74.9039746621,0.001,348.427215779
425.9602446,180.267946329,0.001
1076.40672728,701.443318324,242.982253615,30.3475950797
701.443318324,285.93189312,76.2516229148,476.989964003
540.590115061,0.001,353.4750261,653.089974229,773.913127795
316.271459952,256.75767147
550.897622371,0.001,634.433913348,454.651518682,156.982835729,67.0781191032
550.897622371,530.246169942,138.502563337,587.81779006,50.7587418341,92.7063845272,210.946256305,384.794108888
530.246169942,501.852173374,254.93813766
138.502563337,501.852173374,669.889599471,0.001,445.996013632,305.211007467,74.2170781301,66.202800422,0.001
0.001,587.81779006,1161.94871628
669.889599471,459.930269461,0.001,128.793981859,78.5872772991
0.001,459.930269461,441.791906713,201.474614018,62.9318176418,199.44160068,148.085049345
441.791906713,0.001,259.792193329
89.7998515647,333.470366281,588.537100363,151.461078041,280.936391048
109.786499889,261.047924708,99.586751766,215.125032508
255.762588002,152.482000937,104.45,222.756153654
255.762588002,116.771101669,283.631321008,70.0912884704
306.91103846,203.671402097,249.821398446,237.189597597,276.278565451,144.231694426
67.7007995605
305.413827468,439.5751055,511.127518014,278.633006565
421.074131801,439.5751055,244.302211543
754.406798625
754.406798625,540.596779751,566.829702323
436.665295148,199.8648207,149.712888643
436.665295148,154.667014978,302.792356866
154.667014978,174.072942448,408.299028128
199.8648207,302.792356866,174.072942448,242.921004297,91.0777774042,237.621140791
242.921004297,571.542579479,140.595186128
535.060578999,173.655013582
408.299028128,91.0777774042,571.542579479,535.060578999,563.566455118,0.001
173.655013582,563.566455118,631.265944658,0.001
0.001,631.265944658,740.811801786
223.160631954
223.160631954,159.815040597,685.868541958
156.394833913
532.016563894,465.739903791,131.410255661
156.394833913,452.521463432
425.935826792,461.522735018,376.446894591,455.406997423,116.399191543
425.935826792,687.732473809,271.899001771,20.2583981168,184.146360197,0.001
461.522735018,687.732473809,47.9331326848,474.821277437,445.044108131
271.899001771,47.9331326848,560.752996839
392.649365203,119.581608061,427.165080343,61.9536897556,73.5373576328,296.255521226,56.0938814047
168.119609066,133.131345984,119.581608061,108.99227535,111.141633982,115.090345584
689.908497326,261.047924708,232.698574376,82.3806043039,332.778669648
302.154278245,699.628923883,256.887539112
302.154278245,564.516478473,60.1166038963,94.7959883444,270.419775935
699.628923883,564.516478473,481.979043442,186.340719974,499.188575158,754.926748774,233.022149945,121.930462552,57.4780370613
481.979043442,814.816343441,72.1304481478,270.294532686,302.273207919,137.812367342
814.816343441,480.446560097,334.312571466
186.340719974,256.335668898,348.412296567,93.1732333693
256.335668898,418.383625031,0.001,146.125094256,297.409191762
418.383625031,407.244437125,113.77982876,789.324700861,171.261912938,252.516183507
286.104472895,106.979112815,417.284778339,413.901051574,0.001,96.2222640699
286.104472895,772.355067323,0.001,326.461005038,372.094700558
153.554434031,760.415955438,126.796324134,420.487937523,484.736019627,184.439610959
106.979112815,772.355067323,161.564846586,201.440492386,245.917616067
123.082091729,258.710357208,363.026041704,557.012547474,462.208913397,327.460216,245.773872208
830.883961656,327.18568355
363.926843512,61.2926527979,669.613962549
258.710357208,363.926843512,259.451076783,91.4225206133,186.175807376,99.3668482053,88.2456934929,143.611831453
0.001,407.244437125,58.9158986218,415.168336118,460.261163257
113.77982876,58.9158986218,448.976578305,565.164693172,74.1801956483,0.001,215.888897423
448.976578305,279.428983521,13.9446702095,142.787425646,0.001
415.168336118,565.164693172,220.79274802,407.334092996
368.732457659,681.232706192
520.225371233,161.267574021
368.732457659,520.225371233,405.782195286
143.099654468,161.267574021,405.782195286,345.422767436
437.445736199,444.05043331,248.551655336
74.9039746621,437.445736199,728.468045724,68.4884942176,0.001,120.858672427
728.468045724,231.739460988,156.095460561,161.846715502,106.443014259
231.739460988,274.443105093,137.082969935
68.4884942176,156.095460561,645.967964334,433.012195428,627.842650712,0.001
161.846715502,274.443105093,733.463293488,237.911068355,257.691863157
733.463293488,41.3903898172,360.784226079,261.646887939,131.461499863,40.5496662187,487.909679605
645.967964334,41.3903898172,282.233057665,64.2942118017
-1
207.718631476,620.524554055,604.838401392,29.6212297982,381.533219212
629.257271353,373.103283811,548.46963751,429.078783415,110.098684003
629.257271353,309.389745135,614.13,405.386550385,126.823402433
207.718631476,112.01799227,382.507783877,111.38632469,264.824831225
373.103283811,309.389745135,566.445875739
620.524554055,614.13,112.01799227,566.445875739,510.336675858,128.720097934,287.517633445
382.507783877,510.336675858,412.176933721,367.077046205
752.735096019
247.365067157,533.653429048
247.365067157,134.828968348,268.130508866
-1
533.653429048,134.828968348,108.47187826,173.255757129,373.778010283,539.146791342
108.47187826,285.695525114,253.493061533,293.491973084
268.130508866,173.255757129,285.695525114
253.493061533,351.184822006,154.127284693
351.184822006,263.813209079,239.265242015,202.214950551
208.091497274,188.531065707,361.282371333
208.091497274,643.518523556,253.675139408,546.669301969,315.779171025
643.518523556,312.236526841
188.531065707,253.675139408,312.236526841,197.600095165,215.678878609,138.669172864
197.600095165,278.066035643,380.863096959
215.678878609,581.887573793,93.1738575974,409.441650721,290.618497274
581.887573793,474.049644949,1325.55078273,352.768488502
484.275748009,474.049644949,178.437221942
335.786219129,432.641970337,311.759152174,64.7434797991,462.892821373
93.1738575974,1325.55078273,335.786219129,247.446090322,429.610045289
348.545183996,62.9174002521,254.272315899
348.545183996,75.0142841323,342.866794014
62.9174002521,75.0142841323
724.163630574
724.163630574,317.756507389
744.20073092,217.130821189,473.071845917,177.160545867
744.20073092,500.784418063,173.095359767,0.001,303.706866816,248.933157606
449.746857357,171.503540595,0.001,353.589834679
449.746857357,918.454455018,45.4206114848,262.566452749,845.121304957,459.802479974,165.243002284
171.503540595,918.454455018,205.441913522,181.451196476,74.1540197155,240.774124204
68.4758861431,361.455157969,280.413258349,270.18453524,807.378128976
343.257866162,361.455157969,429.907641735,0.001
898.741819306,280.413258349,429.907641735
519.053528579
388.640455394,1067.03039588,145.41802364,0.001,142.437347203,691.538414999,93.4940534359
574.103794515,841.127930174,0.001,368.92773523,298.16253606,92.8386224283
388.640455394,574.103794515,0.001,1050.97550114,279.562384592,410.050258483
841.127930174,0.001,532.85777649,416.587581398,14.2745888284,81.6626631425
1067.03039588,1050.97550114,0.001,793.447820978,0.001
0.001,279.562384592,532.85777649,0.001,189.0586497
272.736067926,128.915999882,331.02070047,150.074797045
272.736067926,149.116737116,140.541720203,179.600108781,297.161685357
285.93189312,892.879522022,562.74883367,192.986657963
128.915999882,892.879522022,610.331279344
331.02070047,149.116737116,75.5569928838,447.443334515,1965.43112622,396.149869824
75.5569928838,640.544801602,71.6718858697,554.393763602
510.33802698,918.00410354
447.443334515,640.544801602,302.247980653,30.4802893311,688.49051834,757.261146396
302.247980653,95.6074790332,467.255285392,286.970435375
1183.61440818,577.599098634
398.254449542,682.489307945,46.7567102586,61.2223062041
398.254449542,0.0592979763496,133.842331905,340.087633866
682.489307945,0.0592979763496,128.248440699,72.9704567607,498.292541743
128.248440699,47.6142898901,323.558601764,74.745018948,1045.64258174,651.417681154
58.9501701317,774.614219482,282.235603684
58.1554221923,58.9501701317,469.73536853,1041.84405555,327.304354538,252.778099364
353.257054531,469.73536853,283.684993599,734.399021512
355.594954478,201.739852049,560.19,395.011168721
306.91103846,114.125884082,268.069752231,42.7632392943,626.94247693,92.5679315257,32.8897530623
203.671402097,261.841649708
249.821398446,261.841649708,361.244670446,0.001,45.3185702075,185.465685891
417.284778339,336.518671304,314.836822285,164.110695719
336.518671304,160.32455038,192.528871397
470.289345978,483.142964199
363.026041704,830.883961656,259.451076783,419.453793933,388.632120512
91.4225206133,414.434902107,214.956697572,318.581318538
89.7998515647,186.175807376,414.434902107,224.884628954,71.0873098068,35.0030440391
214.956697572,736.188015078,334.322565523
0.001,755.635586935,258.534165836,396.013307799
0.001,222.23584508,756.701461327,339.596941752
222.23584508,187.789162705
745.887427328,70.8763936725,0.001
745.887427328,63.4205530658,504.962879258,176.956974045
70.8763936725,63.4205530658,1072.61284383,201.467652429,495.618253382
504.962879258,330.902180898,752.159270047
176.956974045,1072.61284383,330.902180898,78.7791151,304.968344847
523.205905764,177.711163734
752.159270047,78.7791151,523.205905764,322.528928014,146.184102703
177.711163734,322.528928014,981.465195513
962.067511636
962.067511636,0.001,694.768555436,264.725582421,302.808356876,120.797561677,501.463809384
0.001,0.001,313.926831477,471.012334926,73.7772383015
490.475427003
461.216233955,536.581378565
353.4750261,313.926831477,405.747517964,644.11474219,0.001
316.271459952,471.012334926,490.475427003,461.216233955,405.747517964,194.787372118,68.4578189606
131.480275151,653.089974229,644.11474219,194.787372118,537.703428366
256.75767147,128.199368406
315.070043433,224.131288194
388.975765771,537.703428366,315.070043433,281.852814893
56.0334340543,128.868186449,589.014736276,323.320418257,105.973905835,561.845804232
429.965215787,480.734003067,166.05290696,78.3617226351,359.404364655,26.8671678278
480.734003067,365.390789046,449.844433232,112.163448495
128.868186449,367.084664576,260.986827087,387.723800663
365.390789046,321.63446429,674.424844442,225.169284081,273.019786586,298.057154041
232.535882397,589.014736276,166.05290696,449.844433232,367.084664576,321.63446429,102.271715148
674.424844442,260.81852332,329.064172703,0.001,181.984760938
225.169284081,260.81852332,190.915529201,187.328723731,621.867090593,165.985674463
329.064172703,190.915529201,519.566743752,516.191581191,67.4601366166,0.001
104.72131567,187.328723731,519.566743752,569.795601312,356.950549181,73.1392818127
0.001,516.191581191,204.849114015,326.399432549,354.707703026,291.675981518
562.097487621,569.795601312,59.7351672632,268.452572953
67.4601366166,356.950549181,204.849114015,59.7351672632,354.731403052,247.170570406
326.399432549,354.731403052,247.185998003
554.18236081,268.452572953,247.170570406,289.282314927,371.417428457,327.56397714
28.6965543695,792.135661858,76.2103254749,218.026449164,479.204576618,337.955610499
792.135661858,350.88580308,543.468733182
76.2103254749,350.88580308,870.013601555,1197.40074926
223.658377917,294.057610723,48.6999797235,269.847315096
249.169433128,115.697758713,35.7906389549,222.754425778,431.492760725
223.658377917,249.169433128,488.253217432,701.882364153
823.655106948,414.107629619,77.0434674067,603.687813394
115.697758713,488.253217432,320.574746653,40.8055465259,258.627105083
320.574746653,108.598133104,296.626317163,273.033239953,97.8620099977
40.8055465259,108.598133104,97.6653007609,699.595725628
296.626317163,162.330247435,123.020981709,511.20637848,364.21081996
330.240354237,471.871088644,138.519704881
243.827393568,106.294016421,159.416922536,285.608657998,246.314952561
109.705035658,420.462252532,105.993579756,442.119344888
330.240354237,109.705035658,403.002617558,304.057407813,55.2536493341,93.6094068611
410.324531315,140.172484448,441.822196657
420.462252532,403.002617558,0.001,499.304076475
410.324531315,295.585067868,43.3219412515,55.3283575926,298.284194051,74.2095524814
295.585067868,184.840753869,113.260918231,154.942478806,328.069373664
67.3602043831,75.5862737148,367.217591561,222.923186053,174.948152894
416.19776446,131.818987895,0.001,0.001,375.032244102,291.058698692
416.19776446,455.490604049,22.396865171,373.512278853,117.226319537,113.719406192
131.818987895,455.490604049,0.001,525.524426609,297.351921547,0.001,306.093768786,317.417832471,106.715850372
126.232622959,282.279233109,300.528525211
126.232622959,465.14620116,316.348772149,206.566644144,504.960827572
465.14620116,279.082961973,406.917936109,159.402990673,10.3503107441,158.344842209
0.001,0.001,282.279233109,316.348772149,511.892619585,437.993107936,205.259304476,61.9467303584
0.001,525.524426609,511.892619585,448.387815451,0.001,866.690373865
206.566644144,279.082961973,437.993107936,520.199398761,276.87170325,60.0841157346,0.001,422.815681701,358.359271809,84.7546772723
520.199398761,200.56722527,466.144086172,72.8883964148
276.87170325,216.150516103,466.831490562,496.678022436
60.0841157346,216.150516103,44.0122124821,162.369903053,271.255678277,247.622458039,0.001
239.70901366,365.629910548,169.816988745,113.461707564
457.248501586
326.427697988,123.151690514,448.529304823,711.147773558
112.975479298,841.252549517,145.50141214
777.495163486,123.151690514,112.975479298,216.280466299,192.274488416,334.404366441
216.280466299,356.682370974,406.613145005,164.79436615,193.566266312
333.470366281,67.3602043831,448.529304823,192.274488416,356.682370974,104.745518781,209.543770499,434.339739407,23.7698784817,131.92700259,141.982982482,320.148157256,133.074928571,154.124711385,100.84275892,177.226502959
406.613145005,228.525167529,307.169753357,186.688276295
295.253668627,299.596161809,668.382534934,694.024580884,178.022006279
295.253668627,0.001,191.665591166,60.6609582055,420.425846961,265.419315598,215.796685947,158.323406643
0.001,323.716394313,801.473653378,441.933134324,141.654954148
299.596161809,191.665591166,128.669674103,445.276924594,387.761927885
164.79436615,104.745518781,228.525167529,60.6609582055,323.716394313,0.001,251.386211159,18.0630794342
420.425846961,801.473653378,0.001,319.66954304,263.767920768,158.913874876,167.006617825
265.419315598,319.66954304,578.164134207,613.895393564
324.97514665,935.724269419,324.914896318
324.97514665,56.2846598921,572.87095435,134.780135053,373.759357673,276.187700401
56.2846598921,285.696601378,542.707278865
564.187911077,184.349656317,235.837860198
572.87095435,285.696601378
134.780135053,542.707278865,584.220026934,110.038632116,131.819511529,43.0747386295
564.187911077,166.950647447,716.557451764
184.349656317,584.220026934,166.950647447,181.780156,378.989928211,976.305683812
110.038632116,79.6906453944,163.682656161,77.7316787915,906.492054164
411.021998085
411.021998085,375.517772313
79.6906453944,375.517772313,514.284902004
131.819511529,181.780156,163.682656161,514.284902004,84.8428343629,34.3492182066,346.71934654,302.749132057,28.0079487548,48.6775389182
84.8428343629,178.962961703,353.201516063
441.654868385,435.045680835,319.771418672,125.939803471,66.8400120112
441.654868385,664.326704072,922.434745571
664.326704072,213.122202704,210.525964045
357.307254851,0.001,119.469879214,216.110169889
357.307254851,466.93569798,157.115956156,146.874119343
466.93569798,231.534795724,364.882836745,0.001,123.877033906,154.282402908,126.727369372,387.158929706,1448.78296049,189.455038456
526.947350035,486.213732941,391.341544916
0.001,231.534795724,0.001,757.616151729,173.004863048
364.882836745,526.947350035,0.001,122.147946752,693.122436345,63.1543298349,229.026530381,97.7954587778,320.682925129
0.001,757.616151729,122.147946752,63.3118864863,495.87886772,216.829104047,425.739856246
693.122436345,63.3118864863,0.001,499.963851842,134.790153581
0.001,111.659623073,111.797738666,249.016717623,49.7351869099
111.659623073,290.369306083,255.885346804,447.34031532,0.001
475.348818268,293.352429165,351.319328794,1138.27744063
475.348818268,260.523910788,221.600974826,113.911629717,132.730790826,460.913849659
260.523910788,819.965193619,507.370082373,184.415791324
293.352429165,221.600974826,210.350031432,534.839575101
113.911629717,819.965193619,767.448970196,260.779818696,185.754641567,0.001,47.068902272,143.99904011
767.448970196,393.815729539,640.623587895
260.779818696,705.284914017,675.183087016,893.832869511
185.754641567,393.815729539,705.284914017,448.298515118,122.819380752,437.842140426
448.298515118,592.961317637,287.908965372
592.961317637,159.018170776
634.433913348,50.7587418341,306.408878382
350.783434679,73.7044433823,280.291225672
201.474614018,0.001,682.541063896
62.9318176418,259.792193329,350.783434679,340.757925516,218.279480029
657.28477766,525.679066836
657.28477766,231.245573019,457.172947846,351.02647864
231.245573019,241.421945324,445.481259824
599.410492685,230.634366401
377.6468596
336.295323071,564.334183545,175.782166544,392.423449917,146.016313567,897.934749826
499.188575158,72.1304481478,480.446560097,943.718192733,191.655740727,276.385203626,435.911887116
99.586751766,270.294532686,334.312571466,943.718192733,897.30129529,157.109740462
178.39548645,195.957603311,209.184806639,755.138535073
697.886134504,570.670138456,273.548679063,455.01886933,473.546427519,38.3280832975
493.12952361,4.29696270437,249.372485761,239.612038411
194.353235828,570.670138456,653.184304675,405.77119435,0.052162542107,153.752305502
145.41802364,368.92773523,410.050258483,174.384207731,258.466588628,825.785567271,417.86594648
416.587581398,189.0586497,510.33802698,414.435919467,135.706742909
681.232706192,444.05043331
345.422767436
142.84422035,140.541720203,175.577576582,1144.79891036,330.675184195,160.84502566
47.6142898901,475.670331106,492.075551754,444.914270044,253.65527657
46.7567102586,175.577576582,475.670331106,140.510382814
95.6074790332,323.558601764,774.614219482,1041.84405555,492.075551754,179.707291022,66.3488480525,160.587146882,75.5391424548,242.894211277
346.383077676,30.4802893311,467.255285392,282.235603684,327.304354538,179.707291022,331.461944559,682.241611924,59.5811225033,196.549930688
104.561882362,822.458938424,133.112752234,423.391285417,371.716103863
396.171121836,711.814335023,167.851861699,1052.65253666,163.046042493
0.001,180.267946329,548.46963751,409.935830623
93.2054853907,1183.61440818,1144.79891036,977.092850419,374.376866407,85.0334042941,73.807999295,102.444553943,208.391371043,181.800942454,114.125960769
413.901051574,0.001,133.842331905,72.9704567607,74.745018948,66.3488480525,1258.10274613,446.965304006,39.5025120089,372.798286593
252.778099364,283.684993599,160.587146882,1258.10274613,427.295236215,347.856345248,241.331229928
340.087633866,446.965304006,743.163070029,151.5246007
237.189597597,114.125884082,977.092850419,743.163070029,243.412720718,225.032707541
105.993579756,0.001,363.062511877,492.095655359,233.464295375,508.775205595
464.94027952,395.806348835,61.9756103023
184.807217786,540.596779751,150.686539956,161.688145708,245.10166884
412.176933721,612.131667348,22.9570867577
116.771101669,361.244670446,470.289345978,224.884628954,196.997301255,0.001,1047.58619566
43.3219412515,184.840753869,297.351921547,448.387815451,416.97124258,187.104578109,164.082999946,134.699547777
304.057407813,140.172484448,55.3283575926,416.97124258,709.418326462,1656.15487384
213.122202704,211.24175243,234.540676288,72.4394583354,682.731795892
529.183357379,175.149534834,264.643567458,103.476102186
0.001,740.811801786,532.016563894
373.778010283,273.169788084,302.114809211,453.519116845
432.641970337,90.7350031873,210.284913594,528.597440217
278.066035643,409.441650721,311.759152174,247.446090322,90.7350031873,564.307251578,207.636251782
557.012547474,61.2926527979,99.3668482053,193.578650601,95.2660517552
209.543770499,164.061727202,231.894854228,236.359505502
406.917936109,0.001,200.56722527,275.424437484,325.981315069
75.5862737148,375.032244102,0.001,300.528525211,504.960827572,159.402990673,205.259304476,0.001,164.061727202,553.602589081,68.2712612085,78.9536438136,241.973395741,108.214254924,116.242772646,110.520535312,192.404460082
466.144086172,239.70901366,668.382534934,128.669674103,275.424437484,131.225059747,489.840268711,274.960943209
290.369306083,52.4333239779,0.001,187.533472646
536.581378565,68.4578189606
441.933134324,202.360937457,787.707152868
841.252549517,334.404366441,193.566266312,307.169753357,61.6899473227,135.80601649
186.688276295,235.837860198,716.557451764,378.989928211,202.360937457,61.6899473227,56.547391653,81.9305797471,304.460924678,86.9879683095,31.8995000002
141.654954148,263.767920768,787.707152868,291.515645866,3.27138421008,892.929587809,53.0496111827,36.982871502,64.7521535314
454.651518682,92.7063845272,445.996013632,1161.94871628,0.001,199.44160068,210.350031432,0.001,675.183087016,73.7044433823,340.757925516,379.582680004
893.832869511,122.819380752,280.291225672,218.279480029,379.582680004
20.2583981168,656.450043931,0.001,287.228591381
184.146360197,656.450043931,307.947183019
317.756507389,500.784418063,0.001,256.627016447,74.7928031341,139.408797492,351.345915317
217.130821189,173.095359767,0.001,436.453930232,457.794823882,295.057757433,0.001,458.07123764,283.417742114
0.001,205.441913522,256.627016447,248.904061575,41.0164434933
343.235841982,773.913127795,694.768555436,73.7772383015,0.001,621.867090593,73.1392818127,298.579912181,88.1096061318
264.725582421,78.3617226351,298.579912181,282.200898788,170.806399532
128.793981859,148.085049345,682.541063896,599.410492685,587.668546436,614.915005537
305.211007467,78.5872772991,457.172947846,241.421945324,587.668546436,269.095433664,74.9960969001
376.446894591,474.821277437,352.986318672,204.668568542,361.981188855,388.970513554,557.707318239
454.766274868,202.266370404,394.041191169
115.103206508,308.008141591,232.698574376,321.888436556,124.82305189
0.001,793.447820978,726.124934346,162.936794412
426.369016175,689.749980627,256.887539112,60.1166038963,754.926748774,895.780158567,465.65245828,379.478767098,1.79922864584
218.529498672,233.022149945,146.016313567,191.655740727,895.780158567,464.339196099
174.384207731,222.942934227,1091.6505768,660.03494526,144.472562844
460.261163257,220.79274802,142.437347203,0.001,726.124934346,649.77992247,276.181177289
789.324700861,279.428983521,691.538414999,258.466588628,222.942934227,198.111830679,251.792868395,271.754137778,733.515957255,72.2351152147,542.964800543
825.785567271,1091.6505768,436.204825026
218.026449164,870.013601555,331.461944559,202.241109077,1111.94612726
959.931534989,682.241611924,529.991587429
360.784226079,577.599098634,374.376866407,249.339008335,55.6048582281,121.158434687
261.646887939,249.339008335,377.112334773,86.3009127667
96.5105515523,734.399021512,294.057610723,427.295236215,217.783855063,830.398691711,474.899122238
0.001,158.431399136,351.562265154,384.303058345
511.127518014,244.302211543,679.565297631,300.603897304
679.565297631,1194.32336853,231.044959076,556.545780664
429.078783415,405.386550385,1194.32336853,339.673119077,18.7192036488,631.286699834,198.096581709
131.461499863,268.069752231,377.112334773,203.975330464,1022.59362533,101.44584204,141.883743226,145.533985192,78.8213134761,241.457721584
367.077046205,752.735096019,355.594954478,612.131667348,792.117272602,337.439741299
153.554434031,471.871088644,314.065679136,910.072378829,187.477627367,0.001,197.469462983,583.995303758
138.315349723
161.564846586,243.827393568,314.065679136,442.736822767,0.001,393.168324377,57.0531633873
516.483282161,435.045680835,500.763355404
243.101979527,0.001,556.153509452,534.000594085,177.060373438
462.208913397,64.7434797991,755.635586935,210.284913594,530.012943854,162.539375134,217.204225427,206.742096367
96.8209359881,152.482000937,327.460216,201.739852049,419.453793933,451.206180417
760.415955438,910.072378829,287.79475441,55.7885815119,162.408500993,401.878968397,411.829697688,157.251925963
0.001,466.831490562,44.0122124821,123.877033906,89.5950531465,103.224065711,351.715297823,287.864700466,232.549864346,348.712838536
0.001,515.742166462
0.001,0.001,470.310035559,689.979789938
540.368779861,470.310035559,0.001
257.870759451,159.815040597,515.742166462,689.979789938,0.001,80.7531353037
452.521463432,546.669301969,81.3598718854
295.152725998,352.768488502,178.437221942,462.892821373,429.610045289,258.534165836,530.012943854,480.535119302,444.867917371
480.535119302,151.267858169
588.537100363,318.581318538,71.0873098068,736.188015078,201.467652429,304.968344847,146.184102703,981.465195513,711.147773558,434.339739407,709.557542423
158.913874876,351.319328794,534.839575101,291.515645866,151.87267264,542.690763485
167.006617825,578.164134207,1138.27744063,132.730790826,151.87267264,0.001,157.437886716,332.775931635
145.50141214,135.80601649,0.001
899.424781796,289.282314927,935.724269419,373.759357673,327.937184769,832.994004945
156.982835729,88.3143756769,132.029017477,692.897882472
210.946256305,254.93813766,74.2170781301,88.3143756769,0.001,577.564889999,172.104148348
59.6106233841,455.406997423,1122.4165731,217.83358162,292.334671605,28.7377659534
236.644353019,116.399191543,1122.4165731
302.808356876,673.54767916,130.398607095,356.943097162,260.233227741,292.424675279
752.049223888,323.320418257,210.773767126,349.665549543
976.305683812,34.3492182066,53.4244342334,46.6001488711,60.8804984199,373.439171773,39.0637400263,30.2969186559
525.679066836,812.242125425,169.381630401,142.861608429
178.962961703,812.242125425,405.083877873,146.481635621
87.8245778562,278.633006565,300.603897304,231.044959076,339.673119077,34.7671329259
496.698161955,18.7192036488,253.943546919
346.71934654,405.083877873,331.575573217,655.756537691
319.771418672,89.5950531465,912.476529411
162.369903053,365.629910548,119.469879214,157.115956156,154.282402908,323.498349311,0.001,210.820826753
473.071845917,436.453930232,673.54767916,81.8268828069
0.001,457.794823882,130.398607095,81.8268828069,252.914993683,289.443425037
399.85292997,270.18453524,295.057757433,252.914993683,0.001,351.797266859
260.986827087,273.019786586,102.271715148,181.984760938,0.001,354.707703026,84.0039299415
181.451196476,74.7928031341,0.001,248.904061575,365.614560792,543.867867139
0.001,139.408797492,458.07123764,365.614560792,0.001
303.706866816,351.345915317
128.199368406
0.001,316.063860717
224.131288194,281.852814893,316.063860717
104.45,283.631321008,560.1,451.206180417
395.806348835,243.101979527,142.987267635,0.001
132.596407214,451.025585766,150.686539956,0.001,333.439646845,83.0709259901
65.2010832966,151.781389981,192.02932078,556.153509452,333.439646845,0.001,642.771488674
566.829702323,161.688145708,534.000594085,142.987267635,83.0709259901,0.001
273.169788084,132.287111659
263.813209079,528.597440217,162.539375134,208.829055298,394.102254545,65.5548535385
539.146791342,293.491973084,154.127284693,239.265242015,302.114809211,208.829055298,338.663921677,329.518234507
215.796685947,445.276924594,613.895393564,0.001,82.7765011032
0.001,483.142964199,196.997301255,287.79475441,104.139442013,434.752385896
66.202800422,351.02647864,269.095433664,0.001,545.916533204
162.936794412,649.77992247
792.117272602,231.547794903,38.0417019559
117.417240953,120.797561677,359.404364655,282.200898788,356.943097162,51.3389495229,29.874075777
333.652806389,260.233227741,289.443425037,0.001,51.3389495229
215.125032508,82.3806043039,276.385203626,897.30129529,321.888436556,464.339196099,369.00551345
162.92179838,423.391285417
115.965693527,576.414780975,258.229284044
178.696506808,348.427215779,0.001,110.098684003,409.935830623,631.286699834,253.943546919
604.838401392,126.823402433,128.720097934,556.545780664,198.096581709
549.482527334,34.7671329259
257.769359338,45.2502127178,371.716103863,258.229284044
871.524370933
137.082969935,237.911068355,40.5496662187,203.975330464
106.443014259,433.012195428,257.691863157,487.909679605,282.233057665
0.001,627.842650712,64.2942118017,341.122308976
510.889495566,242.982253615,150.074797045,179.600108781,330.675184195
623.367243584,85.0334042941
74.1801956483,13.9446702095,407.334092996,93.4940534359,276.181177289,198.111830679
0.001,142.787425646,251.792868395,190.081724939
171.261912938,215.888897423,0.001,271.754137778,190.081724939
660.03494526,733.515957255,412.363274747
233.510146238,195.957603311
178.396783365,584.980238012,209.184806639,273.548679063,176.143297357,105.435953897
76.2516229148,562.74883367,390.021341499
14.2745888284,414.435919467,242.567337744,55.6008824581
298.16253606,81.6626631425,242.567337744,109.795233536
71.6718858697,688.49051834,286.970435375,444.914270044,75.5391424548
493.12952361,653.184304675,586.079744331,87.535092504
379.632294192,455.01886933,176.143297357
276.278565451,151.5246007,243.412720718
42.7632392943,1022.59362533,231.547794903,217.077229084
395.011168721,337.439741299
144.231694426,626.94247693,45.3185702075,38.0417019559,217.077229084
126.796324134,314.836822285,160.32455038,363.358537697,289.146878291
420.487937523,192.528871397,138.315349723,363.358537697
218.975057186,200.151264211,264.643567458
202.214950551,394.102254545,338.663921677
453.519116845,564.307251578,132.287111659,65.5548535385,329.518234507
138.669172864,380.863096959,290.618497274,207.636251782
567.982977396,444.867917371,151.267858169
756.701461327,187.789162705,0.001,495.618253382
245.773872208,193.578650601,217.204225427,136.747564782,281.889252099
48.6999797235,35.7906389549,701.882364153,347.856345248,217.783855063,1.77946296697,257.453719758,347.993223815,563.17560534,92.276790416,714.071320307,341.293367689
1.77946296697,583.296240363,161.660167114
326.461005038,201.440492386,442.736822767,257.453719758,583.296240363,30.060963454,217.400894443
216.125634753,479.204576618,59.5811225033,202.241109077,529.991587429
486.213732941,63.1543298349,211.24175243,742.34281308,305.189286431
391.341544916,229.026530381,234.540676288,742.34281308,582.967985227,851.0139191
106.294016421,442.119344888,55.2536493341,363.062511877,63.6761072471
162.330247435,380.208655896
273.033239953,97.6653007609,123.020981709,640.862659267
97.8620099977,511.20637848
26.8671678278,112.163448495,298.057154041,165.985674463,88.1096061318,170.806399532
501.463809384,292.424675279,29.874075777
177.160545867,248.933157606
353.589834679,45.4206114848,41.0164434933,108.098669481
0.001,560.752996839,0.001
43.3173321455,427.165080343,108.99227535
301.9728569,238.488394003,111.141633982,57.1195871282
463.330660145
287.228591381,307.947183019,463.330660145
0.001,202.265941126,217.83358162,165.637667133
685.868541958,80.7531353037
85.1192027122,932.475843003,61.9756103023,177.060373438,0.001,642.771488674
388.507758068,199.091785384
190.18764237,199.091785384
103.476102186
0.001,372.094700558,39.5025120089,241.331229928,347.993223815,161.660167114,30.060963454
222.754425778,563.17560534,60.247394068
422.305968811,414.107629619,830.398691711
121.930462552,302.273207919,348.412296567,157.109740462
332.778669648,124.82305189,369.00551345
897.934749826
82.8698786979,284.325178601,351.562265154
281.63209824,0.001,384.303058345
-1
371.417428457,77.7316787915,318.366933066
327.56397714,324.914896318,276.187700401,43.0747386295,906.492054164,327.937184769,318.366933066
621.819771841
441.822196657,709.418326462
113.260918231,187.104578109,0.001,74.5292969871,52.4471852945
298.284194051,154.942478806,263.330770331
61.9467303584,866.690373865,422.815681701,496.678022436,164.082999946,103.224065711,0.001,321.115175485
1030.0268516,125.939803471,500.763355404,351.715297823,912.476529411,0.001
271.255678277,126.727369372,287.864700466,323.498349311
358.359271809,247.622458039,0.001,96.9588295669
84.7546772723,72.8883964148,0.001,169.816988745,131.225059747,210.820826753,96.9588295669
113.461707564,387.761927885,489.840268711,82.7765011032
250.311876533,832.994004945
10.3503107441,694.024580884,158.323406643,251.386211159,553.602589081,64.0655133314,16.3857598256
158.344842209,178.022006279,325.981315069,274.960943209,64.0655133314
151.461078041,55.7885815119,104.139442013,172.44617771,123.472848619
280.936391048,22.396865171,23.7698784817,162.408500993,172.44617771,398.460258095,436.559368893,89.1729764629
401.878968397,123.472848619,398.460258095
484.736019627,187.477627367,0.001,134.126306988
96.2222640699,184.439610959,245.917616067,164.110695719,0.001,393.168324377,289.146878291,134.126306988
185.465685891,0.001,434.752385896
222.756153654,70.0912884704,327.18568355,88.2456934929,388.632120512,35.0030440391,1047.58619566
92.5679315257,73.807999295,225.032707541,211.56224575
32.8897530623,102.444553943,101.44584204,211.56224575,222.234356496
208.391371043,141.883743226,222.234356496,184.999914125
181.800942454,145.533985192,184.999914125,217.083364238
55.6048582281,86.3009127667,78.8213134761,236.506462976
114.125960769,121.158434687,241.457721584,217.083364238,236.506462976
22.9570867577
29.6212297982,111.38632469,287.517633445,294.259523932
381.533219212,264.824831225,294.259523932
396.013307799,339.596941752,206.742096367,136.747564782,232.98216127
95.2660517552,281.889252099,232.98216127
669.613962549,143.611831453
334.322565523,709.557542423
373.512278853,306.093768786,411.829697688,436.559368893,274.291688322
317.417832471,197.469462983,157.251925963,274.291688322,369.638873005
138.519704881,93.6094068611,106.715850372,134.699547777,1656.15487384,583.995303758,369.638873005
135.137952018,501.37839268,197.966210865
387.158929706,97.7954587778,582.967985227,359.226984316,46.3068464813,49.1435158181
359.226984316,344.518915755
1448.78296049,232.549864346,46.3068464813,344.518915755
216.110169889,146.874119343,189.455038456,173.004863048
460.913849659,507.370082373,157.437886716,24.6365173854
132.029017477,169.381630401,0.001
0.001,577.564889999,142.861608429,545.916533204
67.0781191032,384.794108888,306.408878382,692.897882472,172.104148348
3.27138421008,288.814706745
892.929587809,542.690763485,288.814706745
445.481259824,230.634366401,377.6468596,614.915005537,74.9960969001
465.739903791,185.749194521
131.410255661,185.749194521
149.712888643,237.621140791,140.595186128
137.812367342,435.911887116
254.272315899,342.866794014
361.282371333,315.779171025,81.3598718854
248.551655336,120.858672427,0.001,341.122308976
61.2223062041,498.292541743,1045.64258174,253.65527657,140.510382814
651.417681154,242.894211277,372.798286593
297.161685357,1965.43112622,554.393763602,160.84502566
159.416922536,57.0531633873,92.276790416,217.400894443,87.5780463074
364.21081996,492.095655359,498.440410316,178.234420087
285.608657998
56.547391653
81.9305797471,340.260305092
304.460924678,194.497279072
86.9879683095,340.260305092,194.497279072
53.0496111827,53.4244342334,249.385283882
36.982871502,46.6001488711,249.385283882,241.752514828
64.7521535314,60.8804984199,241.752514828,210.865635949
302.749132057,373.439171773,288.754292119
28.0079487548,331.575573217,288.754292119
48.6775389182,353.201516063,146.481635621,655.756537691
39.0637400263,0.001,210.865635949
280.296801119,394.041191169
269.847315096,474.899122238,714.071320307
431.492760725,258.627105083,246.314952561,233.464295375,341.293367689,63.6761072471,60.247394068,87.5780463074,498.440410316
301.665123042,74.2095524814,328.069373664,74.5292969871,263.330770331,501.37839268,198.153539085
220.536502787
78.292670444,187.517012878,204.452478194,259.083172156,403.716530573,589.539600718,465.65245828,34.4630201576,283.622603149
191.883158935
352.986318672,0.001
445.044108131,204.668568542,0.001
361.981188855,286.666291132,320.322420394
62.9998229004,57.1195871282
74.1540197155,283.417742114,351.797266859,543.867867139,0.001,261.525722018
262.566452749,108.098669481
119.067066819,292.334671605,165.637667133,26.7408688071,32.542604486
0.001,0.001,358.02864158
323.26418499,83.0931215338
411.670091871,20.4339649026
280.808945085,4.29696270437,16.2742160991,11.8586830646
249.105916799,249.372485761,34.4630201576,16.2742160991,12.9761083554
77.0434674067,27.4265893945
94.7959883444,57.4780370613,93.1732333693,146.125094256,405.77119435,21.6734443613,40.3842976637
270.419775935,0.052162542107,379.478767098,586.079744331,21.6734443613,22.4357717986
239.612038411,1.79922864584,87.535092504,283.622603149,12.9761083554,22.4357717986
699.595725628,380.208655896,640.862659267,621.819771841
297.409191762,252.516183507,473.546427519,153.752305502,72.2351152147,40.3842976637,35.9919437279
37.8747353219,30.3475950797,476.989964003,92.8386224283,192.986657963,610.331279344,396.149869824,918.00410354,755.138535073,38.3280832975,417.86594648,135.706742909,144.472562844,542.964800543,436.204825026,412.363274747,105.435953897,390.021341499,55.6008824581,109.795233536,35.9919437279,33.5686002285
412.899067742,0.001,210.773767126,46.0705243995,10.147086264,451.181048538
54.4398081375,61.9536897556,115.090345584,20.0960955086,17.4805327347
388.970513554,28.7377659534,26.7408688071,15.8508204963
73.5373576328,557.707318239,286.666291132,15.8508204963,24.0716606722,584.99935515
0.0763236529495,23.0100166403
752.313490236,757.261146396,337.955610499,543.468733182,1197.40074926,603.687813394,196.549930688,1111.94612726,27.4265893945,33.5686002285
845.121304957,46.0705243995,32.5017322893,7.4878801476
105.973905835,387.723800663,291.675981518,247.185998003,84.0039299415,10.6364842785
561.845804232,349.665549543,10.147086264,10.6364842785
546.775014338,519.053528579,20.0960955086,32.5017322893
296.255521226,17.4805327347,24.0716606722
172.04230116,20.4339649026,11.8586830646
66.1626691759,22.1460099002,14.371572287,292.292375987
14.371572287,298.541928452
292.292375987,298.541928452,78.674316746
78.674316746
212.474717107,56.0938814047,320.322420394,584.99935515
370.990927573,23.0100166403,29.227050571
449.435072241,32.542604486,29.227050571
367.217591561,131.92700259,68.2712612085,147.83836793
141.982982482,18.0630794342,78.9536438136,16.3857598256,169.584084601
320.148157256,231.894854228,241.973395741,147.83836793
133.074928571,108.214254924,169.584084601,215.802664192
154.124711385,116.242772646,215.802664192,202.711216343
100.84275892,236.359505502,110.520535312,202.711216343
222.923186053,117.226319537,177.226502959,89.1729764629,215.551407119
174.948152894,291.058698692,113.719406192,192.404460082,215.551407119
288.104738924,245.10166884
459.802479974,807.378128976,451.181048538,7.4878801476
191.883158935
66.8400120112,922.434745571,210.525964045,72.4394583354,851.0139191,49.1435158181
495.87886772,499.963851842,111.797738666,0.001,366.225143632
320.682925129,134.790153581,249.016717623,255.885346804,682.731795892,52.4333239779,305.189286431,0.001
216.829104047,49.7351869099,447.34031532,0.001,366.225143632,538.457176686,219.841793593
0.001,47.068902272,640.623587895,437.842140426,287.908965372,159.018170776,187.533472646,538.457176686,749.486086577
425.739856246,184.415791324,143.99904011,332.775931635,24.6365173854,219.841793593,749.486086577
499.304076475,508.775205595,178.234420087
175.686951512,348.712838536,52.4471852945,321.115175485,0.001,197.966210865,198.153539085
31.8995000002
30.2969186559
165.243002284,240.774124204,261.525722018
