1,2,3,1312,1313,1314,1315,1600,1601,1602,1603,1604,1700,2312,2313,2314,2315,2600,2601,2602,2603,2604,2700,3312,3313,3314,3315,3600,3601,3602,3603,3604,3700
19,20,21,19300,19301,19302,19303,19600,19601,19602,19603,19604,19700,20300,20301,20302,20303,20600,20601,20602,20603,20604,20700,21300,21301,21302,21303,21600,21601,21602,21603,21604,21700
19,20,21
500,501,502,503,500600,500601,500602,500603,500604,500700,501600,501601,501602,501603,501604,501700,502600,502601,502602,502603,502604,502700,503600,503601,503602,503603,503604,503700
500,501,502,503
19,20,21,19308,19309,19310,19311,19600,19601,19602,19603,19604,19700,20308,20309,20310,20311,20600,20601,20602,20603,20604,20700,21308,21309,21310,21311,21600,21601,21602,21603,21604,21700
1,2,3,1316,1317,1318,1319,1600,1601,1602,1603,1604,1700,2316,2317,2318,2319,2600,2601,2602,2603,2604,2700,3316,3317,3318,3319,3600,3601,3602,3603,3604,3700
500,501,502,503,500600,500601,500602,500603,500604,500700,501600,501601,501602,501603,501604,501700,502600,502601,502602,502603,502604,502700,503600,503601,503602,503603,503604,503700
700
19,20,21,19700,20700,21700
500,501,502,503,500700,501700,502700,503700
1,2,3,1700,2700,3700
500,501,502,503,500700,501700,502700,503700
1,2,3,1700,2700,3700
1,2,3
1,2,3
1,2,3
1,2,3
1,2,3,1308,1309,1310,1311,1600,1601,1602,1603,1604,1700,2308,2309,2310,2311,2600,2601,2602,2603,2604,2700,3308,3309,3310,3311,3600,3601,3602,3603,3604,3700
1,2,3
1,2,3,1312,1313,1314,1315,1600,1601,1602,1603,1604,1700,2312,2313,2314,2315,2600,2601,2602,2603,2604,2700,3312,3313,3314,3315,3600,3601,3602,3603,3604,3700
1,2,3,1700,2700,3700
1,2,3,500,501,502,503
1,2,3
1,2,3,500,501,502,503
1,2,3,1700,2700,3700
1,2,3,1308,1309,1310,1311,1600,1601,1602,1603,1604,1700,2308,2309,2310,2311,2600,2601,2602,2603,2604,2700,3308,3309,3310,3311,3600,3601,3602,3603,3604,3700
500,501,502,503,700
500,501,502,503
1,2,3
500,501,502,503,500600,500601,500602,500603,500604,500700,501600,501601,501602,501603,501604,501700,502600,502601,502602,502603,502604,502700,503600,503601,503602,503603,503604,503700
1,2,3
1,2,3,1316,1317,1318,1319,1600,1601,1602,1603,1604,1700,2316,2317,2318,2319,2600,2601,2602,2603,2604,2700,3316,3317,3318,3319,3600,3601,3602,3603,3604,3700
1,2,3,1304,1305,1306,1307,1600,1601,1602,1603,1604,1700,2304,2305,2306,2307,2600,2601,2602,2603,2604,2700,3304,3305,3306,3307,3600,3601,3602,3603,3604,3700
1,2,3,1308,1309,1310,1311,1600,1601,1602,1603,1604,1700,2308,2309,2310,2311,2600,2601,2602,2603,2604,2700,3308,3309,3310,3311,3600,3601,3602,3603,3604,3700
3,5,6,3312,3313,3314,3315,3600,3601,3602,3603,3604,3700,5312,5313,5314,5315,5600,5601,5602,5603,5604,5700,6312,6313,6314,6315,6600,6601,6602,6603,6604,6700
1,2,3
500,501,502,503
1,2,3
1,2,3
1,2,3,1700,2700,3700
1,2,3,1700,2700,3700
1,2,3
1,2,3,1700,2700,3700
1,2,3,1700,2700,3700
1,2,3,1700,2700,3700
1,2,3,1700,2700,3700
19,20,21,19700,20700,21700
1,2,3,1700,2700,3700
500,501,502,503,500700,501700,502700,503700
500,501,502,503
500,501,502,503,500600,500601,500602,500603,500604,500700,501600,501601,501602,501603,501604,501700,502600,502601,502602,502603,502604,502700,503600,503601,503602,503603,503604,503700
1,2,3,1308,1309,1310,1311,1600,1601,1602,1603,1604,1700,2308,2309,2310,2311,2600,2601,2602,2603,2604,2700,3308,3309,3310,3311,3600,3601,3602,3603,3604,3700
500,501,502,503,500700,501700,502700,503700
500,501,502,503,700
500,501,502,503
1,2,3
19,20,21,500,501,502,503
1,2,3,1312,1313,1314,1315,1600,1601,1602,1603,1604,1700,2312,2313,2314,2315,2600,2601,2602,2603,2604,2700,3312,3313,3314,3315,3600,3601,3602,3603,3604,3700
1,2,3
500,501,502,503
500,501,502,503,500700,501700,502700,503700
500,501,502,503,500700,501700,502700,503700
1,2,3,500,501,502,503,1700,2700,3700,500700,501700,502700,503700
500,501,502,503,500700,501700,502700,503700
1,2,3
500,501,502,503
500,501,502,503
1,2,3,1316,1317,1318,1319,1600,1601,1602,1603,1604,1700,2316,2317,2318,2319,2600,2601,2602,2603,2604,2700,3316,3317,3318,3319,3600,3601,3602,3603,3604,3700
500,501,502,503
500,501,502,503
1,2,3
1,2,3,1316,1317,1318,1319,1600,1601,1602,1603,1604,1700,2316,2317,2318,2319,2600,2601,2602,2603,2604,2700,3316,3317,3318,3319,3600,3601,3602,3603,3604,3700
1,2,3,1316,1317,1318,1319,1600,1601,1602,1603,1604,1700,2316,2317,2318,2319,2600,2601,2602,2603,2604,2700,3316,3317,3318,3319,3600,3601,3602,3603,3604,3700
312,313,314,315,500,501,502,503,600,601,602,603,604,700
312,313,314,315,500,501,502,503,600,601,602,603,604,700
1,2,3,1700,2700,3700
1,2,3
304,305,306,307,500,501,502,503,600,601,602,603,604,700
19,20,21
1,2,3
500,501,502,503
1,2,3,1316,1317,1318,1319,1600,1601,1602,1603,1604,1700,2316,2317,2318,2319,2600,2601,2602,2603,2604,2700,3316,3317,3318,3319,3600,3601,3602,3603,3604,3700
1,2,3,1308,1309,1310,1311,1600,1601,1602,1603,1604,1700,2308,2309,2310,2311,2600,2601,2602,2603,2604,2700,3308,3309,3310,3311,3600,3601,3602,3603,3604,3700
1,2,3
1,2,3,1308,1309,1310,1311,1600,1601,1602,1603,1604,1700,2308,2309,2310,2311,2600,2601,2602,2603,2604,2700,3308,3309,3310,3311,3600,3601,3602,3603,3604,3700
1,2,3
1,2,3,1308,1309,1310,1311,1600,1601,1602,1603,1604,1700,2308,2309,2310,2311,2600,2601,2602,2603,2604,2700,3308,3309,3310,3311,3600,3601,3602,3603,3604,3700
1,2,3
500,501,502,503
500,501,502,503
500,501,502,503
500,501,502,503
1,2,3
1,2,3
1,2,3
1,2,3
500,501,502,503
1,2,3,1308,1309,1310,1311,1600,1601,1602,1603,1604,1700,2308,2309,2310,2311,2600,2601,2602,2603,2604,2700,3308,3309,3310,3311,3600,3601,3602,3603,3604,3700
500,501,502,503
316,317,318,319,500,501,502,503,600,601,602,603,604,700
1,2,3,1316,1317,1318,1319,1600,1601,1602,1603,1604,1700,2316,2317,2318,2319,2600,2601,2602,2603,2604,2700,3316,3317,3318,3319,3600,3601,3602,3603,3604,3700
1,2,3,1316,1317,1318,1319,1600,1601,1602,1603,1604,1700,2316,2317,2318,2319,2600,2601,2602,2603,2604,2700,3316,3317,3318,3319,3600,3601,3602,3603,3604,3700
1,2,3,1700,2700,3700
2,3,4,2700,3700,4700
1,2,3,1700,2700,3700
34,35,36,34700,35700,36700
3,5,6,3700,5700,6700
1,2,3,1700,2700,3700
1,2,3,1700,2700,3700
1,2,3,1700,2700,3700
500,501,502,503,500700,501700,502700,503700
500,501,502,503,500700,501700,502700,503700
3,5,6,3700,5700,6700
500,501,502,503,700
3,5,6,3700,5700,6700
1,2,3,1700,2700,3700
500,501,502,503,500700,501700,502700,503700
500,501,502,503,500700,501700,502700,503700
500,501,502,503,500700,501700,502700,503700
500,501,502,503,500700,501700,502700,503700
500,501,502,503,500600,500601,500602,500603,500604,500700,501600,501601,501602,501603,501604,501700,502600,502601,502602,502603,502604,502700,503600,503601,503602,503603,503604,503700
308,309,310,311,500,501,502,503,600,601,602,603,604,700
1,2,3
1,2,3,1312,1313,1314,1315,1600,1601,1602,1603,1604,1700,2312,2313,2314,2315,2600,2601,2602,2603,2604,2700,3312,3313,3314,3315,3600,3601,3602,3603,3604,3700
1,2,3,1316,1317,1318,1319,1600,1601,1602,1603,1604,1700,2316,2317,2318,2319,2600,2601,2602,2603,2604,2700,3316,3317,3318,3319,3600,3601,3602,3603,3604,3700
1,2,3,1300,1301,1302,1303,1600,1601,1602,1603,1604,1700,2300,2301,2302,2303,2600,2601,2602,2603,2604,2700,3300,3301,3302,3303,3600,3601,3602,3603,3604,3700
500,501,502,503
10,11,12,10308,10309,10310,10311,10600,10601,10602,10603,10604,10700,11308,11309,11310,11311,11600,11601,11602,11603,11604,11700,12308,12309,12310,12311,12600,12601,12602,12603,12604,12700
1,2,3,1308,1309,1310,1311,1600,1601,1602,1603,1604,2308,2309,2310,2311,2600,2601,2602,2603,2604,3308,3309,3310,3311,3600,3601,3602,3603,3604
1,2,3,1700,2700,3700
1,2,3,1700,2700,3700
1,2,3,1308,1309,1310,1311,1600,1601,1602,1603,1604,1700,2308,2309,2310,2311,2600,2601,2602,2603,2604,2700,3308,3309,3310,3311,3600,3601,3602,3603,3604,3700
1,2,3,1700,2700,3700
1,2,3,1700,2700,3700
304,305,306,307,500,501,502,503,600,601,602,603,604,700
1,2,3,1700,2700,3700
1,2,3
1,2,3,1700,2700,3700
500,501,502,503
1,2,3,1700,2700,3700
1,2,3,1700,2700,3700
1,2,3,1308,1309,1310,1311,1600,1601,1602,1603,1604,1700,2308,2309,2310,2311,2600,2601,2602,2603,2604,2700,3308,3309,3310,3311,3600,3601,3602,3603,3604,3700
500,501,502,503,700
500,501,502,503,500700,501700,502700,503700
19,20,21,500,501,502,503
1,2,3,1316,1317,1318,1319,1600,1601,1602,1603,1604,1700,2316,2317,2318,2319,2600,2601,2602,2603,2604,2700,3316,3317,3318,3319,3600,3601,3602,3603,3604,3700
1,2,3
1,2,3,500,501,502,503,1700,2700,3700,500700,501700,502700,503700
1,2,3,1700,2700,3700
1,2,3,1700,2700,3700
1,2,3,1700,2700,3700
1,2,3
1,2,3,1700,2700,3700
500,501,502,503
308,309,310,311,500,501,502,503,600,601,602,603,604,700
1,2,3,1300,1301,1302,1303,1600,1601,1602,1603,1604,1700,2300,2301,2302,2303,2600,2601,2602,2603,2604,2700,3300,3301,3302,3303,3600,3601,3602,3603,3604,3700
801
1,2,3
1,2,3
3,5,6,3304,3305,3306,3307,3600,3601,3602,3603,3604,3700,5304,5305,5306,5307,5600,5601,5602,5603,5604,5700,6304,6305,6306,6307,6600,6601,6602,6603,6604,6700
1,2,3,1700,2700,3700
1,2,3,1700,2700,3700
1,2,3,1700,2700,3700
3,5,6,3700,5700,6700
1,2,3,1316,1317,1318,1319,1600,1601,1602,1603,1604,1700,2316,2317,2318,2319,2600,2601,2602,2603,2604,2700,3316,3317,3318,3319,3600,3601,3602,3603,3604,3700
1,2,3,1312,1313,1314,1315,1600,1601,1602,1603,1604,1700,2312,2313,2314,2315,2600,2601,2602,2603,2604,2700,3312,3313,3314,3315,3600,3601,3602,3603,3604,3700
1,2,3
1,2,3
1,2,3
1,2,3
1,2,3
500,501,502,503
500,501,502,503
500,501,502,503
1,2,3,1700,2700,3700
500,501,502,503
1,2,3
1,2,3
500,501,502,503,700
13,14,15
34,35,36,34700,35700,36700
500,501,502,503,500700,501700,502700,503700
500,501,502,503,500700,501700,502700,503700
500,501,502,503,500600,500601,500602,500603,500604,500700,501600,501601,501602,501603,501604,501700,502600,502601,502602,502603,502604,502700,503600,503601,503602,503603,503604,503700
500,501,502,503,500700,501700,502700,503700
500,501,502,503,500700,501700,502700,503700
1,2,3,1700,2700,3700
500,501,502,503,500600,500601,500602,500603,500604,500700,501600,501601,501602,501603,501604,501700,502600,502601,502602,502603,502604,502700,503600,503601,503602,503603,503604,503700
500,501,502,503,500700,501700,502700,503700
500,501,502,503,500700,501700,502700,503700
1,2,3,1304,1305,1306,1307,1600,1601,1602,1603,1604,1700,2304,2305,2306,2307,2600,2601,2602,2603,2604,2700,3304,3305,3306,3307,3600,3601,3602,3603,3604,3700
1,2,3,1300,1301,1302,1303,1600,1601,1602,1603,1604,1700,2300,2301,2302,2303,2600,2601,2602,2603,2604,2700,3300,3301,3302,3303,3600,3601,3602,3603,3604,3700
1,2,3,1316,1317,1318,1319,1600,1601,1602,1603,1604,1700,2316,2317,2318,2319,2600,2601,2602,2603,2604,2700,3316,3317,3318,3319,3600,3601,3602,3603,3604,3700
1,2,3,1316,1317,1318,1319,1600,1601,1602,1603,1604,1700,2316,2317,2318,2319,2600,2601,2602,2603,2604,2700,3316,3317,3318,3319,3600,3601,3602,3603,3604,3700
19,20,21,19316,19317,19318,19319,19600,19601,19602,19603,19604,19700,20316,20317,20318,20319,20600,20601,20602,20603,20604,20700,21316,21317,21318,21319,21600,21601,21602,21603,21604,21700
1,2,3,1304,1305,1306,1307,1600,1601,1602,1603,1604,1700,2304,2305,2306,2307,2600,2601,2602,2603,2604,2700,3304,3305,3306,3307,3600,3601,3602,3603,3604,3700
1,2,3
500,501,502,503
500,501,502,503,500700,501700,502700,503700
1,2,3,1304,1305,1306,1307,1600,1601,1602,1603,1604,1700,2304,2305,2306,2307,2600,2601,2602,2603,2604,2700,3304,3305,3306,3307,3600,3601,3602,3603,3604,3700
1,2,3,1700,2700,3700
1,2,3,1700,2700,3700
500,501,502,503
1,2,3
1,2,3
1,2,3
1,2,3
1,2,3
500,501,502,503
1,2,3
1,2,3
1,2,3
1,2,3
500,501,502,503
1,2,3,1700,2700,3700
1,2,3,1700,2700,3700
1,2,3,1700,2700,3700
1,2,3,1700,2700,3700
1,2,3
1,2,3
1,2,3
1,2,3
1,2,3,1304,1305,1306,1307,1600,1601,1602,1603,1604,1700,2304,2305,2306,2307,2600,2601,2602,2603,2604,2700,3304,3305,3306,3307,3600,3601,3602,3603,3604,3700
1,2,3
1,2,3
1,2,3
1,2,3
1,2,3
19,20,21
19,20,21
1,2,3
500,501,502,503
1,2,3
1,2,3,1312,1313,1314,1315,1600,1601,1602,1603,1604,1700,2312,2313,2314,2315,2600,2601,2602,2603,2604,2700,3312,3313,3314,3315,3600,3601,3602,3603,3604,3700
1,2,3,1316,1317,1318,1319,1600,1601,1602,1603,1604,1700,2316,2317,2318,2319,2600,2601,2602,2603,2604,2700,3316,3317,3318,3319,3600,3601,3602,3603,3604,3700
1,2,3,1316,1317,1318,1319,1600,1601,1602,1603,1604,2316,2317,2318,2319,2600,2601,2602,2603,2604,3316,3317,3318,3319,3600,3601,3602,3603,3604
1,2,3,1316,1317,1318,1319,1600,1601,1602,1603,1604,2316,2317,2318,2319,2600,2601,2602,2603,2604,3316,3317,3318,3319,3600,3601,3602,3603,3604
1,2,3,1316,1317,1318,1319,1600,1601,1602,1603,1604,1700,2316,2317,2318,2319,2600,2601,2602,2603,2604,2700,3316,3317,3318,3319,3600,3601,3602,3603,3604,3700
1,2,3,1316,1317,1318,1319,1600,1601,1602,1603,1604,1700,2316,2317,2318,2319,2600,2601,2602,2603,2604,2700,3316,3317,3318,3319,3600,3601,3602,3603,3604,3700
500,501,502,503
312,313,314,315,500,501,502,503,600,601,602,603,604
1,2,3
1,2,3
500,501,502,503
1,2,3
1,2,3
500,501,502,503
2,3,4
500,501,502,503,700
1,2,3,1308,1309,1310,1311,1600,1601,1602,1603,1604,1700,2308,2309,2310,2311,2600,2601,2602,2603,2604,2700,3308,3309,3310,3311,3600,3601,3602,3603,3604,3700
1,2,3,500,501,502,503,1700,2700,3700,500700,501700,502700,503700
1,2,3,1308,1309,1310,1311,1600,1601,1602,1603,1604,1700,2308,2309,2310,2311,2600,2601,2602,2603,2604,2700,3308,3309,3310,3311,3600,3601,3602,3603,3604,3700
1,2,3,1308,1309,1310,1311,1600,1601,1602,1603,1604,1700,2308,2309,2310,2311,2600,2601,2602,2603,2604,2700,3308,3309,3310,3311,3600,3601,3602,3603,3604,3700
1,2,3
1,2,3
1,2,3
1,2,3,1700,2700,3700
1,2,3,1700,2700,3700
1,2,3,1308,1309,1310,1311,1600,1601,1602,1603,1604,1700,2308,2309,2310,2311,2600,2601,2602,2603,2604,2700,3308,3309,3310,3311,3600,3601,3602,3603,3604,3700
1,2,3
500,501,502,503
500,501,502,503,700
1,2,3
1,2,3
1,2,3,1316,1317,1318,1319,1600,1601,1602,1603,1604,1700,2316,2317,2318,2319,2600,2601,2602,2603,2604,2700,3316,3317,3318,3319,3600,3601,3602,3603,3604,3700
1,2,3,1308,1309,1310,1311,1600,1601,1602,1603,1604,1700,2308,2309,2310,2311,2600,2601,2602,2603,2604,2700,3308,3309,3310,3311,3600,3601,3602,3603,3604,3700
1,2,3,1308,1309,1310,1311,1600,1601,1602,1603,1604,1700,2308,2309,2310,2311,2600,2601,2602,2603,2604,2700,3308,3309,3310,3311,3600,3601,3602,3603,3604,3700
1,2,3,1308,1309,1310,1311,1600,1601,1602,1603,1604,1700,2308,2309,2310,2311,2600,2601,2602,2603,2604,2700,3308,3309,3310,3311,3600,3601,3602,3603,3604,3700
1,2,3
1,2,3
1,2,3,1308,1309,1310,1311,1600,1601,1602,1603,1604,1700,2308,2309,2310,2311,2600,2601,2602,2603,2604,2700,3308,3309,3310,3311,3600,3601,3602,3603,3604,3700
1,2,3,1700,2700,3700
1,2,3,500,501,502,503,1316,1317,1318,1319,1600,1601,1602,1603,1604,1700,2316,2317,2318,2319,2600,2601,2602,2603,2604,2700,3316,3317,3318,3319,3600,3601,3602,3603,3604,3700,500600,500601,500602,500603,500604,500700,501600,501601,501602,501603,501604,501700,502600,502601,502602,502603,502604,502700,503600,503601,503602,503603,503604,503700
500,501,502,503
316,317,318,319,500,501,502,503,600,601,602,603,604,700
316,317,318,319,500,501,502,503,600,601,602,603,604,700
500,501,502,503
1,2,3,1700,2700,3700
316,317,318,319,500,501,502,503,600,601,602,603,604,700
1,2,3,1700,2700,3700
1,2,3,1316,1317,1318,1319,1600,1601,1602,1603,1604,1700,2316,2317,2318,2319,2600,2601,2602,2603,2604,2700,3316,3317,3318,3319,3600,3601,3602,3603,3604,3700
500,501,502,503,700
500,501,502,503,700
1,2,3,1700,2700,3700
1,2,3,1700,2700,3700
1,2,3,1308,1309,1310,1311,1600,1601,1602,1603,1604,1700,2308,2309,2310,2311,2600,2601,2602,2603,2604,2700,3308,3309,3310,3311,3600,3601,3602,3603,3604,3700
1,2,3,1700,2700,3700
1,2,3,1700,2700,3700
1,2,3
1,2,3,1700,2700,3700
1,2,3
1,2,3,1700,2700,3700
1,2,3,1700,2700,3700
1,2,3,1700,2700,3700
7,8,9,7316,7317,7318,7319,7600,7601,7602,7603,7604,7700,8316,8317,8318,8319,8600,8601,8602,8603,8604,8700,9316,9317,9318,9319,9600,9601,9602,9603,9604,9700
1,2,3,1700,2700,3700
1,2,3,1700,2700,3700
1,2,3,1700,2700,3700
1,2,3,1700,2700,3700
19,20,21,19700,20700,21700
500,501,502,503,700
1,2,3,1700,2700,3700
1,2,3,1700,2700,3700
1,2,3,1700,2700,3700
3,5,6,500,501,502,503,3700,5700,6700,500700,501700,502700,503700
1,2,3
19,20,21,19308,19309,19310,19311,19600,19601,19602,19603,19604,19700,20308,20309,20310,20311,20600,20601,20602,20603,20604,20700,21308,21309,21310,21311,21600,21601,21602,21603,21604,21700
1,2,3,1700,2700,3700
1,2,3,1308,1309,1310,1311,1600,1601,1602,1603,1604,1700,2308,2309,2310,2311,2600,2601,2602,2603,2604,2700,3308,3309,3310,3311,3600,3601,3602,3603,3604,3700
500,501,502,503,700
1,2,3,1700,2700,3700
1,2,3,1304,1305,1306,1307,1600,1601,1602,1603,1604,1700,2304,2305,2306,2307,2600,2601,2602,2603,2604,2700,3304,3305,3306,3307,3600,3601,3602,3603,3604,3700
1,2,3,1308,1309,1310,1311,1600,1601,1602,1603,1604,1700,2308,2309,2310,2311,2600,2601,2602,2603,2604,2700,3308,3309,3310,3311,3600,3601,3602,3603,3604,3700
1,2,3,500,501,502,503,1700,2700,3700,500700,501700,502700,503700
500,501,502,503,700
1,2,3
28,29,30,28700,29700,30700
1,2,3,1700,2700,3700
500,501,502,503,700
1,2,3,1312,1313,1314,1315,1600,1601,1602,1603,1604,1700,2312,2313,2314,2315,2600,2601,2602,2603,2604,2700,3312,3313,3314,3315,3600,3601,3602,3603,3604,3700
316,317,318,319,500,501,502,503,600,601,602,603,604,700
500,501,502,503,700
500,501,502,503,700
1,2,3
1,2,3
1,2,3,1308,1309,1310,1311,1600,1601,1602,1603,1604,1700,2308,2309,2310,2311,2600,2601,2602,2603,2604,2700,3308,3309,3310,3311,3600,3601,3602,3603,3604,3700
1,2,3
1,2,3
1,2,3
1,2,3,500,501,502,503
1,2,3
1,2,3
500,501,502,503
2,3,4
1,2,3,1300,1301,1302,1303,1600,1601,1602,1603,1604,1700,2300,2301,2302,2303,2600,2601,2602,2603,2604,2700,3300,3301,3302,3303,3600,3601,3602,3603,3604,3700
1,2,3,1308,1309,1310,1311,1600,1601,1602,1603,1604,1700,2308,2309,2310,2311,2600,2601,2602,2603,2604,2700,3308,3309,3310,3311,3600,3601,3602,3603,3604,3700
1,2,3
500,501,502,503
1,2,3,1308,1309,1310,1311,1600,1601,1602,1603,1604,1700,2308,2309,2310,2311,2600,2601,2602,2603,2604,2700,3308,3309,3310,3311,3600,3601,3602,3603,3604,3700
1,2,3
802
500,501,502,503,700
500,501,502,503
500,501,502,503
1,2,3
1,2,3
1,2,3,500,501,502,503,700
1,2,3,1312,1313,1314,1315,1600,1601,1602,1603,1604,1700,2312,2313,2314,2315,2600,2601,2602,2603,2604,2700,3312,3313,3314,3315,3600,3601,3602,3603,3604,3700
1,2,3,1316,1317,1318,1319,1600,1601,1602,1603,1604,1700,2316,2317,2318,2319,2600,2601,2602,2603,2604,2700,3316,3317,3318,3319,3600,3601,3602,3603,3604,3700
1,2,3
1,2,3
1,2,3,1700,2700,3700
1,2,3,500,501,502,503
1,2,3
1,2,3
1,2,3
3,5,6,3312,3313,3314,3315,3600,3601,3602,3603,3604,3700,5312,5313,5314,5315,5600,5601,5602,5603,5604,5700,6312,6313,6314,6315,6600,6601,6602,6603,6604,6700
300,301,302,303,500,501,502,503,600,601,602,603,604,700
1,2,3,1700,2700,3700
1,2,3,1700,2700,3700
1,2,3,1308,1309,1310,1311,1600,1601,1602,1603,1604,1700,2308,2309,2310,2311,2600,2601,2602,2603,2604,2700,3308,3309,3310,3311,3600,3601,3602,3603,3604,3700
1,2,3,1304,1305,1306,1307,1600,1601,1602,1603,1604,1700,2304,2305,2306,2307,2600,2601,2602,2603,2604,2700,3304,3305,3306,3307,3600,3601,3602,3603,3604,3700
1,2,3,1700,2700,3700
500,501,502,503,500700,501700,502700,503700
500,501,502,503,500700,501700,502700,503700
1,2,3
1,2,3,1304,1305,1306,1307,1600,1601,1602,1603,1604,1700,2304,2305,2306,2307,2600,2601,2602,2603,2604,2700,3304,3305,3306,3307,3600,3601,3602,3603,3604,3700
1,2,3
1,2,3,300,301,302,303,500,501,502,503,600,601,602,603,604,700
1,2,3,1700,2700,3700
1,2,3,1300,1301,1302,1303,1600,1601,1602,1603,1604,1700,2300,2301,2302,2303,2600,2601,2602,2603,2604,2700,3300,3301,3302,3303,3600,3601,3602,3603,3604,3700
1,2,3
500,501,502,503
500,501,502,503
500,501,502,503
500,501,502,503
1,2,3
500,501,502,503
500,501,502,503
1,2,3
800
2,3,4
500,501,502,503
500,501,502,503
500,501,502,503
1,2,3,1316,1317,1318,1319,1600,1601,1602,1603,1604,1700,2316,2317,2318,2319,2600,2601,2602,2603,2604,2700,3316,3317,3318,3319,3600,3601,3602,3603,3604,3700
1,2,3,1304,1305,1306,1307,1600,1601,1602,1603,1604,1700,2304,2305,2306,2307,2600,2601,2602,2603,2604,2700,3304,3305,3306,3307,3600,3601,3602,3603,3604,3700
1,2,3
1,2,3
1,2,3
500,501,502,503,500600,500601,500602,500603,500604,500700,501600,501601,501602,501603,501604,501700,502600,502601,502602,502603,502604,502700,503600,503601,503602,503603,503604,503700
1,2,3,1308,1309,1310,1311,1600,1601,1602,1603,1604,1700,2308,2309,2310,2311,2600,2601,2602,2603,2604,2700,3308,3309,3310,3311,3600,3601,3602,3603,3604,3700
1,2,3
1,2,3,1308,1309,1310,1311,1600,1601,1602,1603,1604,1700,2308,2309,2310,2311,2600,2601,2602,2603,2604,2700,3308,3309,3310,3311,3600,3601,3602,3603,3604,3700
1,2,3,1308,1309,1310,1311,1600,1601,1602,1603,1604,1700,2308,2309,2310,2311,2600,2601,2602,2603,2604,2700,3308,3309,3310,3311,3600,3601,3602,3603,3604,3700
1,2,3,1316,1317,1318,1319,1600,1601,1602,1603,1604,1700,2316,2317,2318,2319,2600,2601,2602,2603,2604,2700,3316,3317,3318,3319,3600,3601,3602,3603,3604,3700
308,309,310,311,500,501,502,503,600,601,602,603,604,700
500,501,502,503,700
500,501,502,503,700
1,2,3,1700,2700,3700
500,501,502,503
1,2,3,1300,1301,1302,1303,1600,1601,1602,1603,1604,1700,2300,2301,2302,2303,2600,2601,2602,2603,2604,2700,3300,3301,3302,3303,3600,3601,3602,3603,3604,3700
1,2,3
512,513,514,515,700,512700,513700,514700,515700
500,501,502,503
1,2,3,1700,2700,3700
500,501,502,503
304,305,306,307
2,3,4
500,501,502,503
1,2,3,1308,1309,1310,1311,1600,1601,1602,1603,1604,1700,2308,2309,2310,2311,2600,2601,2602,2603,2604,2700,3308,3309,3310,3311,3600,3601,3602,3603,3604,3700
1,2,3
1,2,3
1,2,3,1308,1309,1310,1311,1600,1601,1602,1603,1604,1700,2308,2309,2310,2311,2600,2601,2602,2603,2604,2700,3308,3309,3310,3311,3600,3601,3602,3603,3604,3700
312,313,314,315,500,501,502,503,600,601,602,603,604,700
1,2,3
1,2,3
1,2,3
1,2,3
1,2,3
1,2,3
500,501,502,503
500,501,502,503,500600,500601,500602,500603,500604,500700,501600,501601,501602,501603,501604,501700,502600,502601,502602,502603,502604,502700,503600,503601,503602,503603,503604,503700
1,2,3,700,1700,2700,3700
1,2,3,1700,2700,3700
802
500,501,502,503
1,2,3,1700,2700,3700
500,501,502,503,700
1,2,3,1700,2700,3700
500,501,502,503,700
500,501,502,503,700
1,2,3
1,2,3
500,501,502,503
1,2,3,1300,1301,1302,1303,1600,1601,1602,1603,1604,1700,2300,2301,2302,2303,2600,2601,2602,2603,2604,2700,3300,3301,3302,3303,3600,3601,3602,3603,3604,3700
500,501,502,503
1,2,3
1,2,3,1700,2700,3700
500,501,502,503,700
500,501,502,503,700
1,2,3
500,501,502,503
1,2,3,1700,2700,3700
1,2,3,1700,2700,3700
1,2,3,1700,2700,3700
1,2,3,1700,2700,3700
1,2,3,1700,2700,3700
1,2,3,1700,2700,3700
1,2,3,1700,2700,3700
1,2,3,1700,2700,3700
1,2,3
1,2,3
1,2,3
1,2,3
1,2,3
500,501,502,503
500,501,502,503
500,501,502,503,700
500,501,502,503
1,2,3,500,501,502,503,700
1,2,3,1312,1313,1314,1315,1600,1601,1602,1603,1604,1700,2312,2313,2314,2315,2600,2601,2602,2603,2604,2700,3312,3313,3314,3315,3600,3601,3602,3603,3604,3700
500,501,502,503
1,2,3
500,501,502,503
500,501,502,503
500,501,502,503
500,501,502,503
1,2,3
1,2,3
1,2,3
1,2,3,1312,1313,1314,1315,1600,1601,1602,1603,1604,1700,2312,2313,2314,2315,2600,2601,2602,2603,2604,2700,3312,3313,3314,3315,3600,3601,3602,3603,3604,3700
1,2,3,1304,1305,1306,1307,1600,1601,1602,1603,1604,2304,2305,2306,2307,2600,2601,2602,2603,2604,3304,3305,3306,3307,3600,3601,3602,3603,3604
1,2,3,500,501,502,503
43,44,45,43312,43313,43314,43315,43600,43601,43602,43603,43604,43700,44312,44313,44314,44315,44600,44601,44602,44603,44604,44700,45312,45313,45314,45315,45600,45601,45602,45603,45604,45700
1,2,3
1,2,3,1700,2700,3700
1,2,3
500,501,502,503
19,20,21
1,2,3
500,501,502,503
500,501,502,503
1,2,3,1308,1309,1310,1311,1600,1601,1602,1603,1604,1700,2308,2309,2310,2311,2600,2601,2602,2603,2604,2700,3308,3309,3310,3311,3600,3601,3602,3603,3604,3700
312,313,314,315,500,501,502,503,600,601,602,603,604,700
1,2,3,1316,1317,1318,1319,1600,1601,1602,1603,1604,1700,2316,2317,2318,2319,2600,2601,2602,2603,2604,2700,3316,3317,3318,3319,3600,3601,3602,3603,3604,3700
1,2,3,1308,1309,1310,1311,1600,1601,1602,1603,1604,1700,2308,2309,2310,2311,2600,2601,2602,2603,2604,2700,3308,3309,3310,3311,3600,3601,3602,3603,3604,3700
312,313,314,315,500,501,502,503,600,601,602,603,604,700
1,2,3,1300,1301,1302,1303,1600,1601,1602,1603,1604,1700,2300,2301,2302,2303,2600,2601,2602,2603,2604,2700,3300,3301,3302,3303,3600,3601,3602,3603,3604,3700
1,2,3,1308,1309,1310,1311,1600,1601,1602,1603,1604,1700,2308,2309,2310,2311,2600,2601,2602,2603,2604,2700,3308,3309,3310,3311,3600,3601,3602,3603,3604,3700
500,501,502,503
500,501,502,503
500,501,502,503
1,2,3,1316,1317,1318,1319,1600,1601,1602,1603,1604,1700,2316,2317,2318,2319,2600,2601,2602,2603,2604,2700,3316,3317,3318,3319,3600,3601,3602,3603,3604,3700
801
1,2,3,1304,1305,1306,1307,1600,1601,1602,1603,1604,1700,2304,2305,2306,2307,2600,2601,2602,2603,2604,2700,3304,3305,3306,3307,3600,3601,3602,3603,3604,3700
1,2,3
34,35,36
1,2,3
500,501,502,503
19,20,21,19308,19309,19310,19311,19600,19601,19602,19603,19604,19700,20308,20309,20310,20311,20600,20601,20602,20603,20604,20700,21308,21309,21310,21311,21600,21601,21602,21603,21604,21700
1,2,3
1,2,3,1300,1301,1302,1303,1600,1601,1602,1603,1604,1700,2300,2301,2302,2303,2600,2601,2602,2603,2604,2700,3300,3301,3302,3303,3600,3601,3602,3603,3604,3700
1,2,3
1,2,3
1,2,3
1,2,3
1,2,3
1,2,3
500,501,502,503
2,3,4
1,2,3,1308,1309,1310,1311,1600,1601,1602,1603,1604,1700,2308,2309,2310,2311,2600,2601,2602,2603,2604,2700,3308,3309,3310,3311,3600,3601,3602,3603,3604,3700
500,501,502,503
1,2,3
500,501,502,503
500,501,502,503
500,501,502,503
500,501,502,503
19,20,21
1,2,3
1,2,3
1,2,3
500,501,502,503
500,501,502,503
500,501,502,503
500,501,502,503
500,501,502,503
500,501,502,503
500,501,502,503
1,2,3,1300,1301,1302,1303,1600,1601,1602,1603,1604,1700,2300,2301,2302,2303,2600,2601,2602,2603,2604,2700,3300,3301,3302,3303,3600,3601,3602,3603,3604,3700
1,2,3,1308,1309,1310,1311,1600,1601,1602,1603,1604,1700,2308,2309,2310,2311,2600,2601,2602,2603,2604,2700,3308,3309,3310,3311,3600,3601,3602,3603,3604,3700
1,2,3
13,14,15
500,501,502,503
19,20,21,19308,19309,19310,19311,19600,19601,19602,19603,19604,19700,20308,20309,20310,20311,20600,20601,20602,20603,20604,20700,21308,21309,21310,21311,21600,21601,21602,21603,21604,21700
1,2,3
1,2,3
1,2,3
1,2,3
1,2,3
19,20,21
1,2,3
25,26,27
3,5,6
1,2,3,1700,2700,3700
1,2,3,1700,2700,3700
1,2,3,1700,2700,3700
3,5,6,3700,5700,6700
1,2,3
1,2,3
500,501,502,503
500,501,502,503
1,2,3
700
500,501,502,503
1,2,3
1,2,3
1,2,3
1,2,3
1,2,3
1,2,3
1,2,3,1300,1301,1302,1303,1600,1601,1602,1603,1604,1700,2300,2301,2302,2303,2600,2601,2602,2603,2604,2700,3300,3301,3302,3303,3600,3601,3602,3603,3604,3700
1,2,3,1700,2700,3700
1,2,3,1700,2700,3700
13,14,15,700,13700,14700,15700
500,501,502,503,500600,500601,500602,500603,500604,500700,501600,501601,501602,501603,501604,501700,502600,502601,502602,502603,502604,502700,503600,503601,503602,503603,503604,503700
1,2,3,500,501,502,503
1,2,3
1,2,3,1312,1313,1314,1315,1600,1601,1602,1603,1604,1700,2312,2313,2314,2315,2600,2601,2602,2603,2604,2700,3312,3313,3314,3315,3600,3601,3602,3603,3604,3700
500,501,502,503
312,313,314,315,500,501,502,503,600,601,602,603,604,700
500,501,502,503
500,501,502,503
1,2,3
1,2,3
500,501,502,503
1,2,3,500,501,502,503
1,2,3,1308,1309,1310,1311,1600,1601,1602,1603,1604,1700,2308,2309,2310,2311,2600,2601,2602,2603,2604,2700,3308,3309,3310,3311,3600,3601,3602,3603,3604,3700
500,501,502,503
1,2,3
1,2,3
500,501,502,503
500,501,502,503
500,501,502,503
1,2,3
500,501,502,503
1,2,3,1308,1309,1310,1311,1600,1601,1602,1603,1604,1700,2308,2309,2310,2311,2600,2601,2602,2603,2604,2700,3308,3309,3310,3311,3600,3601,3602,3603,3604,3700
308,309,310,311,500,501,502,503,600,601,602,603,604,700
1,2,3,1304,1305,1306,1307,1600,1601,1602,1603,1604,1700,2304,2305,2306,2307,2600,2601,2602,2603,2604,2700,3304,3305,3306,3307,3600,3601,3602,3603,3604,3700
1,2,3,1700,2700,3700
1,2,3,1700,2700,3700
1,2,3,1700,2700,3700
46,47,48,46700,47700,48700
500,501,502,503,500700,501700,502700,503700
1,2,3,1700,2700,3700
1,2,3
800
1,2,3,500,501,502,503,1700,2700,3700,500700,501700,502700,503700
1,2,3,1700,2700,3700
1,2,3
1,2,3
19,20,21,19700,20700,21700
1,2,3,500,501,502,503,700
1,2,3,1700,2700,3700
13,14,15,13700,14700,15700
304,305,306,307,500,501,502,503,600,601,602,603,604,700
1,2,3,1316,1317,1318,1319,1600,1601,1602,1603,1604,1700,2316,2317,2318,2319,2600,2601,2602,2603,2604,2700,3316,3317,3318,3319,3600,3601,3602,3603,3604,3700
1,2,3,500,501,502,503,1700,2700,3700,500700,501700,502700,503700
19,20,21,19312,19313,19314,19315,19600,19601,19602,19603,19604,19700,20312,20313,20314,20315,20600,20601,20602,20603,20604,20700,21312,21313,21314,21315,21600,21601,21602,21603,21604,21700
1,2,3,500,501,502,503,1700,2700,3700,500700,501700,502700,503700
13,14,15,13700,14700,15700
500,501,502,503,700
1,2,3
2,3,4
500,501,502,503
1,2,3,500,501,502,503
1,2,3
34,35,36
1,2,3
1,2,3,1700,2700,3700
1,2,3,500,501,502,503,1308,1309,1310,1311,1600,1601,1602,1603,1604,1700,2308,2309,2310,2311,2600,2601,2602,2603,2604,2700,3308,3309,3310,3311,3600,3601,3602,3603,3604,3700,500600,500601,500602,500603,500604,500700,501600,501601,501602,501603,501604,501700,502600,502601,502602,502603,502604,502700,503600,503601,503602,503603,503604,503700
1,2,3
1,2,3
500,501,502,503
1,2,3,1700,2700,3700
1,2,3,1700,2700,3700
1,2,3,1312,1313,1314,1315,1600,1601,1602,1603,1604,1700,2312,2313,2314,2315,2600,2601,2602,2603,2604,2700,3312,3313,3314,3315,3600,3601,3602,3603,3604,3700
1,2,3
1,2,3,1308,1309,1310,1311,1600,1601,1602,1603,1604,1700,2308,2309,2310,2311,2600,2601,2602,2603,2604,2700,3308,3309,3310,3311,3600,3601,3602,3603,3604,3700
1,2,3,1316,1317,1318,1319,1600,1601,1602,1603,1604,1700,2316,2317,2318,2319,2600,2601,2602,2603,2604,2700,3316,3317,3318,3319,3600,3601,3602,3603,3604,3700
1,2,3
1,2,3
500,501,502,503
1,2,3,1316,1317,1318,1319,1600,1601,1602,1603,1604,1700,2316,2317,2318,2319,2600,2601,2602,2603,2604,2700,3316,3317,3318,3319,3600,3601,3602,3603,3604,3700
1,2,3,1700,2700,3700
1,2,3,1700,2700,3700
1,2,3,1700,2700,3700
1,2,3,1700,2700,3700
1,2,3
500,501,502,503
1,2,3,1700,2700,3700
1,2,3,1312,1313,1314,1315,1600,1601,1602,1603,1604,1700,2312,2313,2314,2315,2600,2601,2602,2603,2604,2700,3312,3313,3314,3315,3600,3601,3602,3603,3604,3700
34,35,36,34700,35700,36700
500,501,502,503,700
1,2,3,304,305,306,307,500,501,502,503,600,601,602,603,604,700
500,501,502,503,700
500,501,502,503,700
500,501,502,503,700
500,501,502,503,700
500,501,502,503,700
500,501,502,503,700
1,2,3
28,29,30
1,2,3
1,2,3,1700,2700,3700
500,501,502,503,700
1,2,3,1700,2700,3700
1,2,3,500,501,502,503,1700,2700,3700,500700,501700,502700,503700
1,2,3,500,501,502,503,1700,2700,3700,500700,501700,502700,503700
1,2,3,1308,1309,1310,1311,1600,1601,1602,1603,1604,1700,2308,2309,2310,2311,2600,2601,2602,2603,2604,2700,3308,3309,3310,3311,3600,3601,3602,3603,3604,3700
1,2,3,1700,2700,3700
1,2,3
34,35,36,34312,34313,34314,34315,34600,34601,34602,34603,34604,34700,35312,35313,35314,35315,35600,35601,35602,35603,35604,35700,36312,36313,36314,36315,36600,36601,36602,36603,36604,36700
1,2,3
1,2,3
1,2,3
1,2,3,500,501,502,503,1700,2700,3700,500700,501700,502700,503700
1,2,3,1700,2700,3700
34,35,36
1,2,3
500,501,502,503,700
500,501,502,503,700
500,501,502,503,700
500,501,502,503
308,309,310,311,500,501,502,503,600,601,602,603,604,700
2,3,4,2700,3700,4700
500,501,502,503
308,309,310,311,500,501,502,503,600,601,602,603,604,700
19,20,21,19312,19313,19314,19315,19600,19601,19602,19603,19604,19700,20312,20313,20314,20315,20600,20601,20602,20603,20604,20700,21312,21313,21314,21315,21600,21601,21602,21603,21604,21700
1,2,3
1,2,3
1,2,3,1700,2700,3700
1,2,3
801
801
500,501,502,503
500,501,502,503
1,2,3,1700,2700,3700
1,2,3,1700,2700,3700
1,2,3,1700,2700,3700
1,2,3
1,2,3
1,2,3
1,2,3
1,2,3
1,2,3,500,501,502,503
500,501,502,503
1,2,3
1,2,3,1316,1317,1318,1319,1600,1601,1602,1603,1604,1700,2316,2317,2318,2319,2600,2601,2602,2603,2604,2700,3316,3317,3318,3319,3600,3601,3602,3603,3604,3700
1,2,3,1308,1309,1310,1311,1600,1601,1602,1603,1604,1700,2308,2309,2310,2311,2600,2601,2602,2603,2604,2700,3308,3309,3310,3311,3600,3601,3602,3603,3604,3700
19,20,21
3,5,6,500,501,502,503,3700,5700,6700,500700,501700,502700,503700
1,2,3,1700,2700,3700
19,20,21,19700,20700,21700
1,2,3,1700,2700,3700
19,20,21,19700,20700,21700
500,501,502,503
1,2,3,1316,1317,1318,1319,1600,1601,1602,1603,1604,1700,2316,2317,2318,2319,2600,2601,2602,2603,2604,2700,3316,3317,3318,3319,3600,3601,3602,3603,3604,3700
304,305,306,307,500,501,502,503,600,601,602,603,604,700
801
801
1,2,3
16,17,18
1,2,3,500,501,502,503,1700,2700,3700,500700,501700,502700,503700
500,501,502,503
1,2,3
1,2,3,500,501,502,503,1700,2700,3700,500700,501700,502700,503700
500,501,502,503,500700,501700,502700,503700
500,501,502,503,500700,501700,502700,503700
1,2,3,1700,2700,3700
1,2,3,1700,2700,3700
19,20,21
1,2,3,1700,2700,3700
19,20,21,19700,20700,21700
1,2,3,500,501,502,503,1304,1305,1306,1307,1600,1601,1602,1603,1604,1700,2304,2305,2306,2307,2600,2601,2602,2603,2604,2700,3304,3305,3306,3307,3600,3601,3602,3603,3604,3700,500600,500601,500602,500603,500604,500700,501600,501601,501602,501603,501604,501700,502600,502601,502602,502603,502604,502700,503600,503601,503602,503603,503604,503700
500,501,502,503,500600,500601,500602,500603,500604,500700,501600,501601,501602,501603,501604,501700,502600,502601,502602,502603,502604,502700,503600,503601,503602,503603,503604,503700
19,20,21,19300,19301,19302,19303,19600,19601,19602,19603,19604,19700,20300,20301,20302,20303,20600,20601,20602,20603,20604,20700,21300,21301,21302,21303,21600,21601,21602,21603,21604,21700
34,35,36,500,501,502,503,34304,34305,34306,34307,34600,34601,34602,34603,34604,34700,35304,35305,35306,35307,35600,35601,35602,35603,35604,35700,36304,36305,36306,36307,36600,36601,36602,36603,36604,36700,500600,500601,500602,500603,500604,500700,501600,501601,501602,501603,501604,501700,502600,502601,502602,502603,502604,502700,503600,503601,503602,503603,503604,503700
34,35,36,34308,34309,34310,34311,34600,34601,34602,34603,34604,34700,35308,35309,35310,35311,35600,35601,35602,35603,35604,35700,36308,36309,36310,36311,36600,36601,36602,36603,36604,36700
46,47,48,500,501,502,503,46700,47700,48700,500700,501700,502700,503700
34,35,36,500,501,502,503,34304,34305,34306,34307,34600,34601,34602,34603,34604,34700,35304,35305,35306,35307,35600,35601,35602,35603,35604,35700,36304,36305,36306,36307,36600,36601,36602,36603,36604,36700,500600,500601,500602,500603,500604,500700,501600,501601,501602,501603,501604,501700,502600,502601,502602,502603,502604,502700,503600,503601,503602,503603,503604,503700
34,35,36,34308,34309,34310,34311,34600,34601,34602,34603,34604,34700,35308,35309,35310,35311,35600,35601,35602,35603,35604,35700,36308,36309,36310,36311,36600,36601,36602,36603,36604,36700
500,501,502,503
500,501,502,503
19,20,21
10,11,12,500,501,502,503,10700,11700,12700,500700,501700,502700,503700
1,2,3,500,501,502,503,1316,1317,1318,1319,1600,1601,1602,1603,1604,1700,2316,2317,2318,2319,2600,2601,2602,2603,2604,2700,3316,3317,3318,3319,3600,3601,3602,3603,3604,3700,500600,500601,500602,500603,500604,500700,501600,501601,501602,501603,501604,501700,502600,502601,502602,502603,502604,502700,503600,503601,503602,503603,503604,503700
19,20,21,19300,19301,19302,19303,19600,19601,19602,19603,19604,19700,20300,20301,20302,20303,20600,20601,20602,20603,20604,20700,21300,21301,21302,21303,21600,21601,21602,21603,21604,21700
19,20,21,19700,20700,21700
19,20,21,19308,19309,19310,19311,19600,19601,19602,19603,19604,19700,20308,20309,20310,20311,20600,20601,20602,20603,20604,20700,21308,21309,21310,21311,21600,21601,21602,21603,21604,21700
19,20,21,19312,19313,19314,19315,19600,19601,19602,19603,19604,19700,20312,20313,20314,20315,20600,20601,20602,20603,20604,20700,21312,21313,21314,21315,21600,21601,21602,21603,21604,21700
19,20,21,19300,19301,19302,19303,19600,19601,19602,19603,19604,19700,20300,20301,20302,20303,20600,20601,20602,20603,20604,20700,21300,21301,21302,21303,21600,21601,21602,21603,21604,21700
19,20,21,19300,19301,19302,19303,19600,19601,19602,19603,19604,19700,20300,20301,20302,20303,20600,20601,20602,20603,20604,20700,21300,21301,21302,21303,21600,21601,21602,21603,21604,21700
1,2,3,500,501,502,503,1312,1313,1314,1315,1600,1601,1602,1603,1604,1700,2312,2313,2314,2315,2600,2601,2602,2603,2604,2700,3312,3313,3314,3315,3600,3601,3602,3603,3604,3700,500600,500601,500602,500603,500604,500700,501600,501601,501602,501603,501604,501700,502600,502601,502602,502603,502604,502700,503600,503601,503602,503603,503604,503700
25,26,27,500,501,502,503,25312,25313,25314,25315,25600,25601,25602,25603,25604,25700,26312,26313,26314,26315,26600,26601,26602,26603,26604,26700,27312,27313,27314,27315,27600,27601,27602,27603,27604,27700,500600,500601,500602,500603,500604,500700,501600,501601,501602,501603,501604,501700,502600,502601,502602,502603,502604,502700,503600,503601,503602,503603,503604,503700
34,35,36,500,501,502,503,34700,35700,36700,500700,501700,502700,503700
34,35,36,500,501,502,503,34700,35700,36700,500700,501700,502700,503700
19,20,21
500,501,502,503
1,2,3,1308,1309,1310,1311,1600,1601,1602,1603,1604,1700,2308,2309,2310,2311,2600,2601,2602,2603,2604,2700,3308,3309,3310,3311,3600,3601,3602,3603,3604,3700
34,35,36
34,35,36
34,35,36
34,35,36
1,2,3
1,2,3
34,35,36,34308,34309,34310,34311,34600,34601,34602,34603,34604,34700,35308,35309,35310,35311,35600,35601,35602,35603,35604,35700,36308,36309,36310,36311,36600,36601,36602,36603,36604,36700
1,2,3,1308,1309,1310,1311,1600,1601,1602,1603,1604,1700,2308,2309,2310,2311,2600,2601,2602,2603,2604,2700,3308,3309,3310,3311,3600,3601,3602,3603,3604,3700
34,35,36,34308,34309,34310,34311,34600,34601,34602,34603,34604,34700,35308,35309,35310,35311,35600,35601,35602,35603,35604,35700,36308,36309,36310,36311,36600,36601,36602,36603,36604,36700
308,309,310,311,500,501,502,503,600,601,602,603,604,700
1,2,3,1308,1309,1310,1311,1600,1601,1602,1603,1604,1700,2308,2309,2310,2311,2600,2601,2602,2603,2604,2700,3308,3309,3310,3311,3600,3601,3602,3603,3604,3700
34,35,36,34308,34309,34310,34311,34600,34601,34602,34603,34604,34700,35308,35309,35310,35311,35600,35601,35602,35603,35604,35700,36308,36309,36310,36311,36600,36601,36602,36603,36604,36700
34,35,36,34316,34317,34318,34319,34600,34601,34602,34603,34604,34700,35316,35317,35318,35319,35600,35601,35602,35603,35604,35700,36316,36317,36318,36319,36600,36601,36602,36603,36604,36700
34,35,36,34300,34301,34302,34303,34600,34601,34602,34603,34604,34700,35300,35301,35302,35303,35600,35601,35602,35603,35604,35700,36300,36301,36302,36303,36600,36601,36602,36603,36604,36700
1,2,3
34,35,36,34300,34301,34302,34303,34600,34601,34602,34603,34604,34700,35300,35301,35302,35303,35600,35601,35602,35603,35604,35700,36300,36301,36302,36303,36600,36601,36602,36603,36604,36700
34,35,36
28,29,30
1,2,3,1700,2700,3700
500,501,502,503,500600,500601,500602,500603,500604,500700,501600,501601,501602,501603,501604,501700,502600,502601,502602,502603,502604,502700,503600,503601,503602,503603,503604,503700
34,35,36,34300,34301,34302,34303,34600,34601,34602,34603,34604,34700,35300,35301,35302,35303,35600,35601,35602,35603,35604,35700,36300,36301,36302,36303,36600,36601,36602,36603,36604,36700
19,20,21,19308,19309,19310,19311,19600,19601,19602,19603,19604,19700,20308,20309,20310,20311,20600,20601,20602,20603,20604,20700,21308,21309,21310,21311,21600,21601,21602,21603,21604,21700
1,2,3,500,501,502,503,1308,1309,1310,1311,1600,1601,1602,1603,1604,1700,2308,2309,2310,2311,2600,2601,2602,2603,2604,2700,3308,3309,3310,3311,3600,3601,3602,3603,3604,3700,500600,500601,500602,500603,500604,500700,501600,501601,501602,501603,501604,501700,502600,502601,502602,502603,502604,502700,503600,503601,503602,503603,503604,503700
1,2,3,500,501,502,503,1700,2700,3700,500700,501700,502700,503700
36,38,39,36700,38700,39700
1,2,3,1700,2700,3700
1,2,3,1700,2700,3700
1,2,3,1700,2700,3700
1,2,3,1700,2700,3700
1,2,3,1700,2700,3700
1,2,3,1700,2700,3700
1,2,3,1700,2700,3700
1,2,3,1700,2700,3700
1,2,3,1700,2700,3700
19,20,21,19308,19309,19310,19311,19600,19601,19602,19603,19604,19700,20308,20309,20310,20311,20600,20601,20602,20603,20604,20700,21308,21309,21310,21311,21600,21601,21602,21603,21604,21700
34,35,36,34700,35700,36700
1,2,3,500,501,502,503
1,2,3,500,501,502,503
19,20,21
19,20,21
34,35,36
19,20,21,500,501,502,503
19,20,21,500,501,502,503
19,20,21,500,501,502,503
19,20,21,500,501,502,503
19,20,21
19,20,21
19,20,21
31,32,33,508,509,510,511
34,35,36
19,20,21
19,20,21
34,35,36
19,20,21,19308,19309,19310,19311,19600,19601,19602,19603,19604,19700,20308,20309,20310,20311,20600,20601,20602,20603,20604,20700,21308,21309,21310,21311,21600,21601,21602,21603,21604,21700
19,20,21,500,501,502,503,19312,19313,19314,19315,19600,19601,19602,19603,19604,19700,20312,20313,20314,20315,20600,20601,20602,20603,20604,20700,21312,21313,21314,21315,21600,21601,21602,21603,21604,21700,500600,500601,500602,500603,500604,500700,501600,501601,501602,501603,501604,501700,502600,502601,502602,502603,502604,502700,503600,503601,503602,503603,503604,503700
28,29,30
1,2,3,500,501,502,503
34,35,36
19,20,21,500,501,502,503,19700,20700,21700,500700,501700,502700,503700
19,20,21,500,501,502,503,19308,19309,19310,19311,19600,19601,19602,19603,19604,19700,20308,20309,20310,20311,20600,20601,20602,20603,20604,20700,21308,21309,21310,21311,21600,21601,21602,21603,21604,21700,500600,500601,500602,500603,500604,500700,501600,501601,501602,501603,501604,501700,502600,502601,502602,502603,502604,502700,503600,503601,503602,503603,503604,503700
19,20,21,500,501,502,503,19700,20700,21700,500700,501700,502700,503700
1,2,3,304,305,306,307,500,501,502,503,600,601,602,603,604,700
34,35,36,500,501,502,503,34304,34305,34306,34307,34600,34601,34602,34603,34604,34700,35304,35305,35306,35307,35600,35601,35602,35603,35604,35700,36304,36305,36306,36307,36600,36601,36602,36603,36604,36700,500600,500601,500602,500603,500604,500700,501600,501601,501602,501603,501604,501700,502600,502601,502602,502603,502604,502700,503600,503601,503602,503603,503604,503700
34,35,36,500,501,502,503,34304,34305,34306,34307,34600,34601,34602,34603,34604,34700,35304,35305,35306,35307,35600,35601,35602,35603,35604,35700,36304,36305,36306,36307,36600,36601,36602,36603,36604,36700,500600,500601,500602,500603,500604,500700,501600,501601,501602,501603,501604,501700,502600,502601,502602,502603,502604,502700,503600,503601,503602,503603,503604,503700
35,36,37,35700,36700,37700
1,2,3,500,501,502,503,1700,2700,3700,500700,501700,502700,503700
34,35,36,500,501,502,503,34700,35700,36700,500700,501700,502700,503700
1,2,3,1700,2700,3700
1,2,3,500,501,502,503,1700,2700,3700,500700,501700,502700,503700
34,35,36,34700,35700,36700
1,2,3,500,501,502,503,1700,2700,3700,500700,501700,502700,503700
19,20,21,19700,20700,21700
19,20,21,19700,20700,21700
19,20,21,19700,20700,21700
34,35,36,34700,35700,36700
19,20,21,19700,20700,21700
19,20,21,19700,20700,21700
49,50,51,49308,49309,49310,49311,49600,49601,49602,49603,49604,49700,50308,50309,50310,50311,50600,50601,50602,50603,50604,50700,51308,51309,51310,51311,51600,51601,51602,51603,51604,51700
19,20,21
34,35,36,34304,34305,34306,34307,34600,34601,34602,34603,34604,34700,35304,35305,35306,35307,35600,35601,35602,35603,35604,35700,36304,36305,36306,36307,36600,36601,36602,36603,36604,36700
304,305,306,307,500,501,502,503,600,601,602,603,604,700
19,20,21,19700,20700,21700
34,35,36,34700,35700,36700
500,501,502,503,700
19,20,21,19700,20700,21700
19,20,21,19316,19317,19318,19319,19600,19601,19602,19603,19604,19700,20316,20317,20318,20319,20600,20601,20602,20603,20604,20700,21316,21317,21318,21319,21600,21601,21602,21603,21604,21700
500,501,502,503
500,501,502,503
500,501,502,503
1,2,3,1304,1305,1306,1307,1600,1601,1602,1603,1604,1700,2304,2305,2306,2307,2600,2601,2602,2603,2604,2700,3304,3305,3306,3307,3600,3601,3602,3603,3604,3700
1,2,3,1304,1305,1306,1307,1600,1601,1602,1603,1604,1700,2304,2305,2306,2307,2600,2601,2602,2603,2604,2700,3304,3305,3306,3307,3600,3601,3602,3603,3604,3700
19,20,21,19308,19309,19310,19311,19600,19601,19602,19603,19604,19700,20308,20309,20310,20311,20600,20601,20602,20603,20604,20700,21308,21309,21310,21311,21600,21601,21602,21603,21604,21700
19,20,21
34,35,36
34,35,36
1,2,3,1700,2700,3700
1,2,3,1700,2700,3700
34,35,36
34,35,36,34316,34317,34318,34319,34600,34601,34602,34603,34604,34700,35316,35317,35318,35319,35600,35601,35602,35603,35604,35700,36316,36317,36318,36319,36600,36601,36602,36603,36604,36700
34,35,36
40,41,42
19,20,21,19308,19309,19310,19311,19600,19601,19602,19603,19604,19700,20308,20309,20310,20311,20600,20601,20602,20603,20604,20700,21308,21309,21310,21311,21600,21601,21602,21603,21604,21700
34,35,36,500,501,502,503
34,35,36
19,20,21,19316,19317,19318,19319,19600,19601,19602,19603,19604,19700,20316,20317,20318,20319,20600,20601,20602,20603,20604,20700,21316,21317,21318,21319,21600,21601,21602,21603,21604,21700
19,20,21,19316,19317,19318,19319,19600,19601,19602,19603,19604,19700,20316,20317,20318,20319,20600,20601,20602,20603,20604,20700,21316,21317,21318,21319,21600,21601,21602,21603,21604,21700
1,2,3
1,2,3,1316,1317,1318,1319,1600,1601,1602,1603,1604,1700,2316,2317,2318,2319,2600,2601,2602,2603,2604,2700,3316,3317,3318,3319,3600,3601,3602,3603,3604,3700
34,35,36,34304,34305,34306,34307,34600,34601,34602,34603,34604,34700,35304,35305,35306,35307,35600,35601,35602,35603,35604,35700,36304,36305,36306,36307,36600,36601,36602,36603,36604,36700
500,501,502,503
1,2,3,1316,1317,1318,1319,1600,1601,1602,1603,1604,1700,2316,2317,2318,2319,2600,2601,2602,2603,2604,2700,3316,3317,3318,3319,3600,3601,3602,3603,3604,3700
1,2,3,1316,1317,1318,1319,1600,1601,1602,1603,1604,1700,2316,2317,2318,2319,2600,2601,2602,2603,2604,2700,3316,3317,3318,3319,3600,3601,3602,3603,3604,3700
1,2,3,500,501,502,503,1304,1305,1306,1307,1600,1601,1602,1603,1604,1700,2304,2305,2306,2307,2600,2601,2602,2603,2604,2700,3304,3305,3306,3307,3600,3601,3602,3603,3604,3700,500600,500601,500602,500603,500604,500700,501600,501601,501602,501603,501604,501700,502600,502601,502602,502603,502604,502700,503600,503601,503602,503603,503604,503700
1,2,3,500,501,502,503,1308,1309,1310,1311,1600,1601,1602,1603,1604,1700,2308,2309,2310,2311,2600,2601,2602,2603,2604,2700,3308,3309,3310,3311,3600,3601,3602,3603,3604,3700,500600,500601,500602,500603,500604,500700,501600,501601,501602,501603,501604,501700,502600,502601,502602,502603,502604,502700,503600,503601,503602,503603,503604,503700
1,2,3
500,501,502,503
500,501,502,503
500,501,502,503
1,2,3
500,501,502,503
34,35,36,34308,34309,34310,34311,34600,34601,34602,34603,34604,34700,35308,35309,35310,35311,35600,35601,35602,35603,35604,35700,36308,36309,36310,36311,36600,36601,36602,36603,36604,36700
308,309,310,311,500,501,502,503,600,601,602,603,604,700
1,2,3
1,2,3
500,501,502,503,500700,501700,502700,503700
34,35,36,34700,35700,36700
500,501,502,503,500700,501700,502700,503700
1,2,3,1700,2700,3700
1,2,3,1700,2700,3700
34,35,36,500,501,502,503,34700,35700,36700,500700,501700,502700,503700
34,35,36,500,501,502,503,34700,35700,36700,500700,501700,502700,503700
34,35,36,500,501,502,503,34700,35700,36700,500700,501700,502700,503700
19,20,21,500,501,502,503,19700,20700,21700,500700,501700,502700,503700
10,11,12,500,501,502,503,10700,11700,12700,500700,501700,502700,503700
35,36,37,35700,36700,37700
35,36,37,35700,36700,37700
19,20,21,19700,20700,21700
1,2,3,1700,2700,3700
19,20,21,19700,20700,21700
34,35,36,34700,35700,36700
34,35,36,34700,35700,36700
34,35,36,34700,35700,36700
1,2,3
34,35,36,34700,35700,36700
19,20,21,19700,20700,21700
19,20,21,19700,20700,21700
34,35,36,34700,35700,36700
34,35,36,34700,35700,36700
19,20,21,19700,20700,21700
19,20,21,19700,20700,21700
34,35,36,34700,35700,36700
19,20,21,19700,20700,21700
34,35,36,34700,35700,36700
19,20,21,19316,19317,19318,19319,19600,19601,19602,19603,19604,19700,20316,20317,20318,20319,20600,20601,20602,20603,20604,20700,21316,21317,21318,21319,21600,21601,21602,21603,21604,21700
19,20,21,19700,20700,21700
34,35,36,34700,35700,36700
19,20,21,19700,20700,21700
34,35,36,34700,35700,36700
34,35,36,34700,35700,36700
34,35,36,34700,35700,36700
34,35,36,34700,35700,36700
1,2,3,1316,1317,1318,1319,1600,1601,1602,1603,1604,1700,2316,2317,2318,2319,2600,2601,2602,2603,2604,2700,3316,3317,3318,3319,3600,3601,3602,3603,3604,3700
21,23,24
1,2,3,500,501,502,503
1,2,3
34,35,36,34700,35700,36700
34,35,36,34700,35700,36700
1,2,3
1,2,3,500,501,502,503
500,501,502,503,500600,500601,500602,500603,500604,500700,501600,501601,501602,501603,501604,501700,502600,502601,502602,502603,502604,502700,503600,503601,503602,503603,503604,503700
19,20,21,19300,19301,19302,19303,19600,19601,19602,19603,19604,19700,20300,20301,20302,20303,20600,20601,20602,20603,20604,20700,21300,21301,21302,21303,21600,21601,21602,21603,21604,21700
19,20,21,19308,19309,19310,19311,19600,19601,19602,19603,19604,19700,20308,20309,20310,20311,20600,20601,20602,20603,20604,20700,21308,21309,21310,21311,21600,21601,21602,21603,21604,21700
34,35,36
19,20,21,19300,19301,19302,19303,19600,19601,19602,19603,19604,19700,20300,20301,20302,20303,20600,20601,20602,20603,20604,20700,21300,21301,21302,21303,21600,21601,21602,21603,21604,21700
19,20,21,19300,19301,19302,19303,19600,19601,19602,19603,19604,19700,20300,20301,20302,20303,20600,20601,20602,20603,20604,20700,21300,21301,21302,21303,21600,21601,21602,21603,21604,21700
19,20,21
19,20,21
35,36,37
19,20,21
19,20,21
19,20,21
19,20,21
35,36,37
34,35,36,34700,35700,36700
34,35,36,34700,35700,36700
19,20,21,19700,20700,21700
34,35,36,34700,35700,36700
1,2,3,1700,2700,3700
19,20,21,19700,20700,21700
34,35,36,700,34700,35700,36700
21,23,24,21700,23700,24700
19,20,21,19308,19309,19310,19311,19600,19601,19602,19603,19604,19700,20308,20309,20310,20311,20600,20601,20602,20603,20604,20700,21308,21309,21310,21311,21600,21601,21602,21603,21604,21700
19,20,21,19700,20700,21700
1,2,3,1700,2700,3700
19,20,21,19700,20700,21700
35,36,37,35700,36700,37700
35,36,37,35700,36700,37700
19,20,21,19700,20700,21700
35,36,37,35700,36700,37700
19,20,21,19700,20700,21700
35,36,37,35700,36700,37700
35,36,37,35700,36700,37700
20,21,22,20700,21700,22700
19,20,21,19700,20700,21700
35,36,37,35700,36700,37700
19,20,21,19700,20700,21700
19,20,21,19700,20700,21700
35,36,37,35700,36700,37700
35,36,37,35700,36700,37700
19,20,21,19700,20700,21700
1,2,3,1700,2700,3700
19,20,21,19700,20700,21700
19,20,21,19700,20700,21700
19,20,21,19700,20700,21700
34,35,36,34700,35700,36700
34,35,36,34700,35700,36700
34,35,36,34700,35700,36700
34,35,36,34700,35700,36700
500,501,502,503,500700,501700,502700,503700
1,2,3
1,2,3
34,35,36,34700,35700,36700
1,2,3,500,501,502,503,1700,2700,3700,500700,501700,502700,503700
1,2,3
1,2,3
1,2,3,500,501,502,503,1700,2700,3700,500700,501700,502700,503700
1,2,3
1,2,3
1,2,3,500,501,502,503
19,20,21,19700,20700,21700
1,2,3
1,2,3,1700,2700,3700
1,2,3,1700,2700,3700
1,2,3,1700,2700,3700
19,20,21,19700,20700,21700
1,2,3,1700,2700,3700
34,35,36,34700,35700,36700
19,20,21,19700,20700,21700
1,2,3,1700,2700,3700
1,2,3,1700,2700,3700
1,2,3,1700,2700,3700
1,2,3,1700,2700,3700
19,20,21
19,20,21
1,2,3,500,501,502,503
19,20,21
34,35,36
34,35,36
19,20,21
19,20,21,19700,20700,21700
19,20,21
19,20,21
46,47,48,46700,47700,48700
19,20,21
34,35,36
1,2,3,1700,2700,3700
34,35,36,34700,35700,36700
34,35,36,34700,35700,36700
19,20,21,19700,20700,21700
19,20,21,19308,19309,19310,19311,19600,19601,19602,19603,19604,19700,20308,20309,20310,20311,20600,20601,20602,20603,20604,20700,21308,21309,21310,21311,21600,21601,21602,21603,21604,21700
34,35,36,34700,35700,36700
500,501,502,503,500700,501700,502700,503700
1,2,3,1308,1309,1310,1311,1600,1601,1602,1603,1604,1700,2308,2309,2310,2311,2600,2601,2602,2603,2604,2700,3308,3309,3310,3311,3600,3601,3602,3603,3604,3700
1,2,3,1700,2700,3700
34,35,36,34700,35700,36700
19,20,21,19700,20700,21700
19,20,21,19700,20700,21700
19,20,21,19700,20700,21700
1,2,3,1700,2700,3700
34,35,36,34700,35700,36700
34,35,36,34700,35700,36700
1,2,3,1700,2700,3700
1,2,3,1700,2700,3700
1,2,3,1700,2700,3700
1,2,3,1700,2700,3700
19,20,21,19700,20700,21700
25,26,27,25700,26700,27700
19,20,21,19700,20700,21700
1,2,3,1700,2700,3700
19,20,21,19700,20700,21700
1,2,3,1700,2700,3700
1,2,3,1700,2700,3700
1,2,3,1700,2700,3700
1,2,3
1,2,3,1700,2700,3700
1,2,3,1700,2700,3700
34,35,36,34700,35700,36700
1,2,3,1700,2700,3700
1,2,3,1700,2700,3700
19,20,21,19700,20700,21700
1,2,3,1700,2700,3700
1,2,3,1700,2700,3700
1,2,3,1700,2700,3700
1,2,3,1700,2700,3700
1,2,3,1700,2700,3700
1,2,3,1700,2700,3700
1,2,3,1700,2700,3700
19,20,21
1,2,3
1,2,3
1,2,3,1700,2700,3700
1,2,3,1700,2700,3700
19,20,21,19308,19309,19310,19311,19600,19601,19602,19603,19604,19700,20308,20309,20310,20311,20600,20601,20602,20603,20604,20700,21308,21309,21310,21311,21600,21601,21602,21603,21604,21700
19,20,21,19700,20700,21700
1,2,3,500,501,502,503,700
19,20,21,19308,19309,19310,19311,19600,19601,19602,19603,19604,19700,20308,20309,20310,20311,20600,20601,20602,20603,20604,20700,21308,21309,21310,21311,21600,21601,21602,21603,21604,21700
34,35,36,34700,35700,36700
34,35,36
19,20,21,19700,20700,21700
1,2,3
34,35,36,34700,35700,36700
19,20,21,19316,19317,19318,19319,19600,19601,19602,19603,19604,19700,20316,20317,20318,20319,20600,20601,20602,20603,20604,20700,21316,21317,21318,21319,21600,21601,21602,21603,21604,21700
500,501,502,503
34,35,36,34300,34301,34302,34303,34600,34601,34602,34603,34604,34700,35300,35301,35302,35303,35600,35601,35602,35603,35604,35700,36300,36301,36302,36303,36600,36601,36602,36603,36604,36700
1,2,3,1700,2700,3700
34,35,36,34700,35700,36700
34,35,36,34700,35700,36700
1,2,3,500,501,502,503,700
34,35,36,34304,34305,34306,34307,34600,34601,34602,34603,34604,34700,35304,35305,35306,35307,35600,35601,35602,35603,35604,35700,36304,36305,36306,36307,36600,36601,36602,36603,36604,36700
34,35,36,34316,34317,34318,34319,34600,34601,34602,34603,34604,34700,35316,35317,35318,35319,35600,35601,35602,35603,35604,35700,36316,36317,36318,36319,36600,36601,36602,36603,36604,36700
34,35,36
34,35,36,34300,34301,34302,34303,34600,34601,34602,34603,34604,34700,35300,35301,35302,35303,35600,35601,35602,35603,35604,35700,36300,36301,36302,36303,36600,36601,36602,36603,36604,36700
19,20,21,19700,20700,21700
19,20,21,19700,20700,21700
25,26,27,25700,26700,27700
19,20,21,19700,20700,21700
19,20,21,19700,20700,21700
19,20,21
19,20,21
34,35,36
19,20,21
34,35,36,500,501,502,503,34700,35700,36700,500700,501700,502700,503700
1,2,3
1,2,3,1700,2700,3700
1,2,3,500,501,502,503,1312,1313,1314,1315,1600,1601,1602,1603,1604,1700,2312,2313,2314,2315,2600,2601,2602,2603,2604,2700,3312,3313,3314,3315,3600,3601,3602,3603,3604,3700,500600,500601,500602,500603,500604,500700,501600,501601,501602,501603,501604,501700,502600,502601,502602,502603,502604,502700,503600,503601,503602,503603,503604,503700
34,35,36
1,2,3
1,2,3
1,2,3,500,501,502,503
1,2,3,500,501,502,503
19,20,21
1,2,3,500,501,502,503,700
34,35,36,34700,35700,36700
34,35,36,34700,35700,36700
1,2,3,1700,2700,3700
19,20,21,19700,20700,21700
1,2,3
1,2,3
1,2,3
1,2,3
19,20,21,19700,20700,21700
1,2,3,1700,2700,3700
1,2,3,1308,1309,1310,1311,1600,1601,1602,1603,1604,1700,2308,2309,2310,2311,2600,2601,2602,2603,2604,2700,3308,3309,3310,3311,3600,3601,3602,3603,3604,3700
19,20,21,500,501,502,503,19304,19305,19306,19307,19600,19601,19602,19603,19604,19700,20304,20305,20306,20307,20600,20601,20602,20603,20604,20700,21304,21305,21306,21307,21600,21601,21602,21603,21604,21700,500600,500601,500602,500603,500604,500700,501600,501601,501602,501603,501604,501700,502600,502601,502602,502603,502604,502700,503600,503601,503602,503603,503604,503700
500,501,502,503,700
1,2,3,1700,2700,3700
1,2,3,500,501,502,503,1700,2700,3700,500700,501700,502700,503700
21,23,24,21700,23700,24700
46,47,48,46700,47700,48700
1,2,3,1700,2700,3700
1,2,3,1700,2700,3700
1,2,3,1700,2700,3700
1,2,3,1700,2700,3700
10,11,12,504,505,506,507,10308,10309,10310,10311,10600,10601,10602,10603,10604,11308,11309,11310,11311,11600,11601,11602,11603,11604,12308,12309,12310,12311,12600,12601,12602,12603,12604,504600,504601,504602,504603,504604,505600,505601,505602,505603,505604,506600,506601,506602,506603,506604,507600,507601,507602,507603,507604
1,2,3,1700,2700,3700
1,2,3,500,501,502,503,1700,2700,3700,500700,501700,502700,503700
34,35,36,34312,34313,34314,34315,34600,34601,34602,34603,34604,34700,35312,35313,35314,35315,35600,35601,35602,35603,35604,35700,36312,36313,36314,36315,36600,36601,36602,36603,36604,36700
19,20,21,19700,20700,21700
1,2,3,1700,2700,3700
19,20,21,19700,20700,21700
34,35,36,34700,35700,36700
34,35,36,34700,35700,36700
1,2,3,500,501,502,503,700
19,20,21,19700,20700,21700
34,35,36
34,35,36,34700,35700,36700
34,35,36,34308,34309,34310,34311,34600,34601,34602,34603,34604,34700,35308,35309,35310,35311,35600,35601,35602,35603,35604,35700,36308,36309,36310,36311,36600,36601,36602,36603,36604,36700
34,35,36
34,35,36
34,35,36
34,35,36,34308,34309,34310,34311,34600,34601,34602,34603,34604,34700,35308,35309,35310,35311,35600,35601,35602,35603,35604,35700,36308,36309,36310,36311,36600,36601,36602,36603,36604,36700
34,35,36,34308,34309,34310,34311,34600,34601,34602,34603,34604,34700,35308,35309,35310,35311,35600,35601,35602,35603,35604,35700,36308,36309,36310,36311,36600,36601,36602,36603,36604,36700
1,2,3
34,35,36
1,2,3
1,2,3,700,1700,2700,3700
1,2,3
19,20,21
34,35,36,34304,34305,34306,34307,34600,34601,34602,34603,34604,34700,35304,35305,35306,35307,35600,35601,35602,35603,35604,35700,36304,36305,36306,36307,36600,36601,36602,36603,36604,36700
34,35,36,34700,35700,36700
500,501,502,503,700
500,501,502,503,500600,500601,500602,500603,500604,500700,501600,501601,501602,501603,501604,501700,502600,502601,502602,502603,502604,502700,503600,503601,503602,503603,503604,503700
7,8,9,500,501,502,503,7304,7305,7306,7307,7600,7601,7602,7603,7604,7700,8304,8305,8306,8307,8600,8601,8602,8603,8604,8700,9304,9305,9306,9307,9600,9601,9602,9603,9604,9700,500600,500601,500602,500603,500604,500700,501600,501601,501602,501603,501604,501700,502600,502601,502602,502603,502604,502700,503600,503601,503602,503603,503604,503700
1,2,3,500,501,502,503,1308,1309,1310,1311,1600,1601,1602,1603,1604,1700,2308,2309,2310,2311,2600,2601,2602,2603,2604,2700,3308,3309,3310,3311,3600,3601,3602,3603,3604,3700,500600,500601,500602,500603,500604,500700,501600,501601,501602,501603,501604,501700,502600,502601,502602,502603,502604,502700,503600,503601,503602,503603,503604,503700
1,2,3,500,501,502,503,1316,1317,1318,1319,1600,1601,1602,1603,1604,1700,2316,2317,2318,2319,2600,2601,2602,2603,2604,2700,3316,3317,3318,3319,3600,3601,3602,3603,3604,3700,500600,500601,500602,500603,500604,500700,501600,501601,501602,501603,501604,501700,502600,502601,502602,502603,502604,502700,503600,503601,503602,503603,503604,503700
500,501,502,503
1,2,3
500,501,502,503
35,36,37
1,2,3,1700,2700,3700
1,2,3
19,20,21,19300,19301,19302,19303,19600,19601,19602,19603,19604,19700,20300,20301,20302,20303,20600,20601,20602,20603,20604,20700,21300,21301,21302,21303,21600,21601,21602,21603,21604,21700
34,35,36,34700,35700,36700
1,2,3
1,2,3,1700,2700,3700
34,35,36,500,501,502,503,34700,35700,36700,500700,501700,502700,503700
34,35,36,500,501,502,503,34304,34305,34306,34307,34600,34601,34602,34603,34604,34700,35304,35305,35306,35307,35600,35601,35602,35603,35604,35700,36304,36305,36306,36307,36600,36601,36602,36603,36604,36700,500600,500601,500602,500603,500604,500700,501600,501601,501602,501603,501604,501700,502600,502601,502602,502603,502604,502700,503600,503601,503602,503603,503604,503700
25,26,27,25700,26700,27700
1,2,3,1700,2700,3700
19,20,21,19700,20700,21700
35,36,37
35,36,37
34,35,36,34304,34305,34306,34307,34600,34601,34602,34603,34604,34700,35304,35305,35306,35307,35600,35601,35602,35603,35604,35700,36304,36305,36306,36307,36600,36601,36602,36603,36604,36700
34,35,36,34304,34305,34306,34307,34600,34601,34602,34603,34604,34700,35304,35305,35306,35307,35600,35601,35602,35603,35604,35700,36304,36305,36306,36307,36600,36601,36602,36603,36604,36700
35,36,37,35700,36700,37700
500,501,502,503,500700,501700,502700,503700
1,2,3,1700,2700,3700
34,35,36,500,501,502,503,34700,35700,36700,500700,501700,502700,503700
46,47,48,46700,47700,48700
19,20,21,19700,20700,21700
19,20,21,19700,20700,21700
19,20,21,19700,20700,21700
19,20,21,19700,20700,21700
500,501,502,503,700
34,35,36
34,35,36,34700,35700,36700
19,20,21,19700,20700,21700
19,20,21
19,20,21
19,20,21
19,20,21
1,2,3
1,2,3,500,501,502,503
34,35,36,34300,34301,34302,34303,34600,34601,34602,34603,34604,34700,35300,35301,35302,35303,35600,35601,35602,35603,35604,35700,36300,36301,36302,36303,36600,36601,36602,36603,36604,36700
34,35,36,500,501,502,503
19,20,21,19700,20700,21700
34,35,36
1,2,3,1700,2700,3700
35,36,37,35700,36700,37700
19,20,21,19308,19309,19310,19311,19600,19601,19602,19603,19604,19700,20308,20309,20310,20311,20600,20601,20602,20603,20604,20700,21308,21309,21310,21311,21600,21601,21602,21603,21604,21700
34,35,36,34700,35700,36700
34,35,36,34700,35700,36700
1,2,3,500,501,502,503,1312,1313,1314,1315,1600,1601,1602,1603,1604,1700,2312,2313,2314,2315,2600,2601,2602,2603,2604,2700,3312,3313,3314,3315,3600,3601,3602,3603,3604,3700,500600,500601,500602,500603,500604,500700,501600,501601,501602,501603,501604,501700,502600,502601,502602,502603,502604,502700,503600,503601,503602,503603,503604,503700
34,35,36,34316,34317,34318,34319,34600,34601,34602,34603,34604,34700,35316,35317,35318,35319,35600,35601,35602,35603,35604,35700,36316,36317,36318,36319,36600,36601,36602,36603,36604,36700
1,2,3,1300,1301,1302,1303,1600,1601,1602,1603,1604,1700,2300,2301,2302,2303,2600,2601,2602,2603,2604,2700,3300,3301,3302,3303,3600,3601,3602,3603,3604,3700
34,35,36,34304,34305,34306,34307,34600,34601,34602,34603,34604,34700,35304,35305,35306,35307,35600,35601,35602,35603,35604,35700,36304,36305,36306,36307,36600,36601,36602,36603,36604,36700
43,44,45,43312,43313,43314,43315,43600,43601,43602,43603,43604,43700,44312,44313,44314,44315,44600,44601,44602,44603,44604,44700,45312,45313,45314,45315,45600,45601,45602,45603,45604,45700
34,35,36,34316,34317,34318,34319,34600,34601,34602,34603,34604,34700,35316,35317,35318,35319,35600,35601,35602,35603,35604,35700,36316,36317,36318,36319,36600,36601,36602,36603,36604,36700
308,309,310,311,500,501,502,503,600,601,602,603,604,700
1,2,3,1316,1317,1318,1319,1600,1601,1602,1603,1604,1700,2316,2317,2318,2319,2600,2601,2602,2603,2604,2700,3316,3317,3318,3319,3600,3601,3602,3603,3604,3700
19,20,21
28,29,30,28700,29700,30700
500,501,502,503
19,20,21,19304,19305,19306,19307,19600,19601,19602,19603,19604,19700,20304,20305,20306,20307,20600,20601,20602,20603,20604,20700,21304,21305,21306,21307,21600,21601,21602,21603,21604,21700
34,35,36,500,501,502,503,34308,34309,34310,34311,34600,34601,34602,34603,34604,34700,35308,35309,35310,35311,35600,35601,35602,35603,35604,35700,36308,36309,36310,36311,36600,36601,36602,36603,36604,36700,500600,500601,500602,500603,500604,500700,501600,501601,501602,501603,501604,501700,502600,502601,502602,502603,502604,502700,503600,503601,503602,503603,503604,503700
1,2,3,500,501,502,503,700
19,20,21,19700,20700,21700
19,20,21,19700,20700,21700
19,20,21,19700,20700,21700
1,2,3,500,501,502,503,1700,2700,3700,500700,501700,502700,503700
1,2,3,500,501,502,503,1700,2700,3700,500700,501700,502700,503700
34,35,36,34700,35700,36700
19,20,21,19700,20700,21700
34,35,36,34700,35700,36700
34,35,36,34700,35700,36700
500,501,502,503,500700,501700,502700,503700
19,20,21,500,501,502,503,19700,20700,21700,500700,501700,502700,503700
19,20,21,19700,20700,21700
19,20,21,19316,19317,19318,19319,19600,19601,19602,19603,19604,19700,20316,20317,20318,20319,20600,20601,20602,20603,20604,20700,21316,21317,21318,21319,21600,21601,21602,21603,21604,21700
19,20,21,19316,19317,19318,19319,19600,19601,19602,19603,19604,19700,20316,20317,20318,20319,20600,20601,20602,20603,20604,20700,21316,21317,21318,21319,21600,21601,21602,21603,21604,21700
19,20,21,19300,19301,19302,19303,19600,19601,19602,19603,19604,19700,20300,20301,20302,20303,20600,20601,20602,20603,20604,20700,21300,21301,21302,21303,21600,21601,21602,21603,21604,21700
19,20,21,19700,20700,21700
19,20,21,19700,20700,21700
28,29,30,28300,28301,28302,28303,28600,28601,28602,28603,28604,29300,29301,29302,29303,29600,29601,29602,29603,29604,30300,30301,30302,30303,30600,30601,30602,30603,30604
1,2,3,500,501,502,503
1,2,3,500,501,502,503
19,20,21
19,20,21,19308,19309,19310,19311,19600,19601,19602,19603,19604,19700,20308,20309,20310,20311,20600,20601,20602,20603,20604,20700,21308,21309,21310,21311,21600,21601,21602,21603,21604,21700
19,20,21
34,35,36
34,35,36,34700,35700,36700
19,20,21,19700,20700,21700
34,35,36,34700,35700,36700
1,2,3,500,501,502,503,700
1,2,3,1700,2700,3700
1,2,3,1700,2700,3700
34,35,36,34700,35700,36700
34,35,36,34700,35700,36700
500,501,502,503,500700,501700,502700,503700
34,35,36,34700,35700,36700
46,47,48,46700,47700,48700
1,2,3,1700,2700,3700
1,2,3,500,501,502,503,700
46,47,48,500,501,502,503,46300,46301,46302,46303,46600,46601,46602,46603,46604,46700,47300,47301,47302,47303,47600,47601,47602,47603,47604,47700,48300,48301,48302,48303,48600,48601,48602,48603,48604,48700,500600,500601,500602,500603,500604,500700,501600,501601,501602,501603,501604,501700,502600,502601,502602,502603,502604,502700,503600,503601,503602,503603,503604,503700
1,2,3,500,501,502,503,1300,1301,1302,1303,1600,1601,1602,1603,1604,1700,2300,2301,2302,2303,2600,2601,2602,2603,2604,2700,3300,3301,3302,3303,3600,3601,3602,3603,3604,3700,500600,500601,500602,500603,500604,500700,501600,501601,501602,501603,501604,501700,502600,502601,502602,502603,502604,502700,503600,503601,503602,503603,503604,503700
34,35,36,500,501,502,503,34312,34313,34314,34315,34600,34601,34602,34603,34604,34700,35312,35313,35314,35315,35600,35601,35602,35603,35604,35700,36312,36313,36314,36315,36600,36601,36602,36603,36604,36700,500600,500601,500602,500603,500604,500700,501600,501601,501602,501603,501604,501700,502600,502601,502602,502603,502604,502700,503600,503601,503602,503603,503604,503700
34,35,36,500,501,502,503,34300,34301,34302,34303,34600,34601,34602,34603,34604,34700,35300,35301,35302,35303,35600,35601,35602,35603,35604,35700,36300,36301,36302,36303,36600,36601,36602,36603,36604,36700,500600,500601,500602,500603,500604,500700,501600,501601,501602,501603,501604,501700,502600,502601,502602,502603,502604,502700,503600,503601,503602,503603,503604,503700
34,35,36,500,501,502,503,34300,34301,34302,34303,34600,34601,34602,34603,34604,34700,35300,35301,35302,35303,35600,35601,35602,35603,35604,35700,36300,36301,36302,36303,36600,36601,36602,36603,36604,36700,500600,500601,500602,500603,500604,500700,501600,501601,501602,501603,501604,501700,502600,502601,502602,502603,502604,502700,503600,503601,503602,503603,503604,503700
34,35,36,500,501,502,503,34300,34301,34302,34303,34600,34601,34602,34603,34604,34700,35300,35301,35302,35303,35600,35601,35602,35603,35604,35700,36300,36301,36302,36303,36600,36601,36602,36603,36604,36700,500600,500601,500602,500603,500604,500700,501600,501601,501602,501603,501604,501700,502600,502601,502602,502603,502604,502700,503600,503601,503602,503603,503604,503700
19,20,21,500,501,502,503,19700,20700,21700,500700,501700,502700,503700
19,20,21,500,501,502,503,19308,19309,19310,19311,19600,19601,19602,19603,19604,19700,20308,20309,20310,20311,20600,20601,20602,20603,20604,20700,21308,21309,21310,21311,21600,21601,21602,21603,21604,21700,500600,500601,500602,500603,500604,500700,501600,501601,501602,501603,501604,501700,502600,502601,502602,502603,502604,502700,503600,503601,503602,503603,503604,503700
500,501,502,503
19,20,21,19700,20700,21700
1,2,3,500,501,502,503,1700,2700,3700,500700,501700,502700,503700
19,20,21,19300,19301,19302,19303,19600,19601,19602,19603,19604,19700,20300,20301,20302,20303,20600,20601,20602,20603,20604,20700,21300,21301,21302,21303,21600,21601,21602,21603,21604,21700
1,2,3,500,501,502,503,700
1,2,3,500,501,502,503,700
19,20,21,19700,20700,21700
1,2,3,500,501,502,503,1700,2700,3700,500700,501700,502700,503700
1,2,3,500,501,502,503,700
34,35,36,500,501,502,503
1,2,3,500,501,502,503
1,2,3
1,2,3
1,2,3,1700,2700,3700
34,35,36,34700,35700,36700
19,20,21,19700,20700,21700
1,2,3,500,501,502,503,1700,2700,3700,500700,501700,502700,503700
500,501,502,503,500700,501700,502700,503700
19,20,21,19700,20700,21700
500,501,502,503,700
500,501,502,503,500700,501700,502700,503700
1,2,3,1700,2700,3700
1,2,3,1700,2700,3700
19,20,21,19700,20700,21700
1,2,3,1700,2700,3700
500,501,502,503,700
19,20,21
19,20,21
19,20,21
19,20,21
19,20,21
19,20,21,19700,20700,21700
19,20,21,19700,20700,21700
1,2,3
500,501,502,503
19,20,21,19700,20700,21700
19,20,21,19700,20700,21700
19,20,21,19700,20700,21700
34,35,36,34700,35700,36700
34,35,36
19,20,21,19700,20700,21700
19,20,21,19308,19309,19310,19311,19600,19601,19602,19603,19604,19700,20308,20309,20310,20311,20600,20601,20602,20603,20604,20700,21308,21309,21310,21311,21600,21601,21602,21603,21604,21700
34,35,36
19,20,21
19,20,21,19300,19301,19302,19303,19600,19601,19602,19603,19604,19700,20300,20301,20302,20303,20600,20601,20602,20603,20604,20700,21300,21301,21302,21303,21600,21601,21602,21603,21604,21700
35,36,37
19,20,21,19308,19309,19310,19311,19600,19601,19602,19603,19604,19700,20308,20309,20310,20311,20600,20601,20602,20603,20604,20700,21308,21309,21310,21311,21600,21601,21602,21603,21604,21700
19,20,21,19308,19309,19310,19311,19600,19601,19602,19603,19604,19700,20308,20309,20310,20311,20600,20601,20602,20603,20604,20700,21308,21309,21310,21311,21600,21601,21602,21603,21604,21700
19,20,21,19700,20700,21700
1,2,3
1,2,3,1700,2700,3700
1,2,3,1700,2700,3700
500,501,502,503,700
19,20,21,19700,20700,21700
1,2,3,1700,2700,3700
500,501,502,503,700
1,2,3,1700,2700,3700
1,2,3
1,2,3,1700,2700,3700
1,2,3
1,2,3,500,501,502,503
1,2,3
1,2,3,1700,2700,3700
34,35,36
1,2,3,500,501,502,503
19,20,21,500,501,502,503
1,2,3,500,501,502,503,700
1,2,3,308,309,310,311,500,501,502,503,600,601,602,603,604,700
1,2,3,500,501,502,503
500,501,502,503
19,20,21,19700,20700,21700
34,35,36,34700,35700,36700
19,20,21,19700,20700,21700
19,20,21,19700,20700,21700
34,35,36,34700,35700,36700
34,35,36,34700,35700,36700
1,2,3,500,501,502,503
1,2,3
1,2,3
19,20,21
19,20,21
1,2,3
19,20,21
19,20,21,19700,20700,21700
19,20,21,19700,20700,21700
34,35,36,34700,35700,36700
34,35,36
1,2,3,500,501,502,503,700
34,35,36,34700,35700,36700
19,20,21,19700,20700,21700
1,2,3
1,2,3,500,501,502,503,1700,2700,3700,500700,501700,502700,503700
19,20,21
1,2,3,1308,1309,1310,1311,1600,1601,1602,1603,1604,1700,2308,2309,2310,2311,2600,2601,2602,2603,2604,2700,3308,3309,3310,3311,3600,3601,3602,3603,3604,3700
1,2,3,1700,2700,3700
1,2,3,1700,2700,3700
1,2,3,1700,2700,3700
34,35,36,500,501,502,503,34304,34305,34306,34307,34600,34601,34602,34603,34604,34700,35304,35305,35306,35307,35600,35601,35602,35603,35604,35700,36304,36305,36306,36307,36600,36601,36602,36603,36604,36700,500600,500601,500602,500603,500604,500700,501600,501601,501602,501603,501604,501700,502600,502601,502602,502603,502604,502700,503600,503601,503602,503603,503604,503700
19,20,21,19700,20700,21700
19,20,21,500,501,502,503,19700,20700,21700,500700,501700,502700,503700
800
802
802
802
802
802
802
800
800
802
802
800
801
801
800
800
800
800
802
800
801
801
801
801
802
802
802
802
802
34,35,36,500,501,502,503,34312,34313,34314,34315,34600,34601,34602,34603,34604,34700,35312,35313,35314,35315,35600,35601,35602,35603,35604,35700,36312,36313,36314,36315,36600,36601,36602,36603,36604,36700,500600,500601,500602,500603,500604,500700,501600,501601,501602,501603,501604,501700,502600,502601,502602,502603,502604,502700,503600,503601,503602,503603,503604,503700
800
800
1,2,3,500,501,502,503
1,2,3,500,501,502,503
19,20,21
19,20,21
19,20,21
19,20,21
19,20,21
19,20,21,19700,20700,21700
1,2,3,500,501,502,503
19,20,21,500,501,502,503,19700,20700,21700,500700,501700,502700,503700
28,29,30,28300,28301,28302,28303,28600,28601,28602,28603,28604,28700,29300,29301,29302,29303,29600,29601,29602,29603,29604,29700,30300,30301,30302,30303,30600,30601,30602,30603,30604,30700
19,20,21,19700,20700,21700
34,35,36,34700,35700,36700
19,20,21,19700,20700,21700
19,20,21,19700,20700,21700
19,20,21,19700,20700,21700
19,20,21,19700,20700,21700
34,35,36,34700,35700,36700
1,2,3
1,2,3,500,501,502,503
19,20,21
34,35,36,500,501,502,503,34700,35700,36700,500700,501700,502700,503700
